Chromosome	Position(bp)	Rate(cM/Mb)	Map(cM)
chr20	61795	0.735716	0.000000
chr20	63231	0.734243	0.001056
chr20	63244	0.734147	0.001066
chr20	63799	0.734513	0.001473
chr20	64150	0.742335	0.001731
chr20	64934	0.742618	0.002313
chr20	65288	0.746463	0.002576
chr20	66370	7.199750	0.003384
chr20	68749	7.220007	0.020512
chr20	69094	7.219995	0.023003
chr20	69408	7.219755	0.025270
chr20	71079	7.203219	0.037334
chr20	71093	7.191159	0.037435
chr20	72892	4.657025	0.050372
chr20	74347	3.325397	0.057148
chr20	75254	0.837345	0.060164
chr20	76962	0.491121	0.061594
chr20	80655	0.487868	0.063408
chr20	82416	0.488031	0.064267
chr20	83570	0.488104	0.064830
chr20	85116	0.488078	0.065585
chr20	87416	0.488068	0.066707
chr20	90984	1.050289	0.068449
chr20	91088	2.319963	0.068558
chr20	91227	2.908467	0.068881
chr20	91346	4.277567	0.069227
chr20	91508	4.980081	0.069920
chr20	91707	5.022650	0.070911
chr20	92366	2.599163	0.074221
chr20	92527	0.807632	0.074639
chr20	92891	0.391466	0.074933
chr20	93440	0.379345	0.075148
chr20	93499	0.364308	0.075170
chr20	94091	0.338784	0.075386
chr20	95093	0.338075	0.075726
chr20	96931	0.341799	0.076347
chr20	97122	0.346144	0.076412
chr20	97394	0.354536	0.076506
chr20	98930	0.372589	0.077051
chr20	100272	0.318661	0.077551
chr20	100505	0.230581	0.077625
chr20	100699	0.116057	0.077670
chr20	101362	0.080696	0.077747
chr20	101905	0.066053	0.077791
chr20	102181	0.051279	0.077809
chr20	102799	0.047396	0.077841
chr20	103517	0.047553	0.077875
chr20	107201	0.047590	0.078050
chr20	108187	0.064135	0.078097
chr20	108328	0.082946	0.078106
chr20	109272	0.118815	0.078184
chr20	109377	0.151630	0.078197
chr20	121976	0.151081	0.080107
chr20	122508	0.152017	0.080187
chr20	124302	0.253458	0.080460
chr20	124412	0.876454	0.080488
chr20	124998	0.953370	0.081002
chr20	125121	1.052051	0.081119
chr20	125538	10.231289	0.081557
chr20	126529	10.654160	0.091697
chr20	126600	10.044012	0.092453
chr20	126614	8.518412	0.092594
chr20	126678	6.895363	0.093139
chr20	126760	0.797582	0.093704
chr20	126923	0.737596	0.093834
chr20	127194	0.734030	0.094034
chr20	127720	0.732865	0.094420
chr20	127952	0.733193	0.094590
chr20	128713	0.741177	0.095148
chr20	129013	0.736099	0.095371
chr20	129063	0.729485	0.095407
chr20	129613	0.463033	0.095809
chr20	129635	0.462504	0.095819
chr20	129864	0.352411	0.095925
chr20	131362	0.353588	0.096453
chr20	131495	0.354244	0.096500
chr20	131657	0.355298	0.096557
chr20	132775	0.513322	0.096954
chr20	133158	0.523011	0.097151
chr20	133900	1.246453	0.097539
chr20	134017	5.458391	0.097685
chr20	134476	5.188557	0.100190
chr20	134539	4.281873	0.100517
chr20	134643	4.281873	0.100962
chr20	134844	1.068519	0.101823
chr20	134931	0.880526	0.101916
chr20	135488	0.410397	0.102407
chr20	135897	0.413508	0.102574
chr20	136025	1.069196	0.102627
chr20	136374	0.214707	0.103000
chr20	136454	0.209462	0.103018
chr20	136568	0.211801	0.103042
chr20	136721	0.214067	0.103074
chr20	137310	0.214067	0.103200
chr20	137454	0.215105	0.103231
chr20	137900	0.216878	0.103327
chr20	137933	0.218048	0.103334
chr20	138004	0.218986	0.103349
chr20	138125	0.220427	0.103376
chr20	138148	0.222115	0.103381
chr20	138460	0.222115	0.103450
chr20	138555	0.222115	0.103471
chr20	138620	0.222115	0.103486
chr20	139154	0.222115	0.103604
chr20	139173	0.222116	0.103609
chr20	139409	0.222116	0.103661
chr20	139419	0.222116	0.103663
chr20	139456	0.222116	0.103672
chr20	139576	0.222116	0.103698
chr20	139745	0.190948	0.103736
chr20	139841	0.152437	0.103754
chr20	140086	0.130957	0.103791
chr20	140171	0.130957	0.103803
chr20	140280	0.120347	0.103817
chr20	140505	0.120347	0.103844
chr20	140506	0.120407	0.103844
chr20	140695	0.120801	0.103867
chr20	143723	0.126239	0.104233
chr20	143754	0.169730	0.104236
chr20	143918	0.677997	0.104264
chr20	144382	6.521275	0.104579
chr20	144551	4.718625	0.105681
chr20	144570	2.945971	0.105771
chr20	144899	0.210011	0.106740
chr20	145413	0.210951	0.106848
chr20	145853	0.210951	0.106941
chr20	146951	0.210946	0.107172
chr20	146995	0.225718	0.107182
chr20	147685	0.232837	0.107337
chr20	148084	0.236087	0.107430
chr20	149407	0.256191	0.107742
chr20	149975	0.260472	0.107888
chr20	151330	0.294870	0.108241
chr20	153267	0.236337	0.108812
chr20	157157	0.328596	0.109731
chr20	157746	0.292948	0.109925
chr20	160533	0.121719	0.110741
chr20	161502	0.122778	0.110859
chr20	161736	0.125246	0.110888
chr20	162683	0.123518	0.111007
chr20	164083	0.118150	0.111180
chr20	164284	0.116407	0.111203
chr20	164436	0.113924	0.111221
chr20	165802	0.113916	0.111377
chr20	165832	0.113892	0.111380
chr20	166163	0.113896	0.111418
chr20	166188	0.114094	0.111421
chr20	167900	0.121533	0.111616
chr20	168020	0.132698	0.111631
chr20	168241	0.138171	0.111660
chr20	168466	0.144659	0.111691
chr20	168728	0.159639	0.111729
chr20	169701	0.203669	0.111884
chr20	169995	0.458549	0.111944
chr20	170589	0.458675	0.112217
chr20	170642	0.268694	0.112241
chr20	170814	0.268221	0.112287
chr20	170940	0.267899	0.112321
chr20	171189	0.269178	0.112388
chr20	171822	0.270341	0.112558
chr20	171839	0.272414	0.112563
chr20	172741	0.374566	0.112808
chr20	172799	0.445093	0.112830
chr20	173928	6.472359	0.113332
chr20	176618	6.472359	0.130743
chr20	177225	0.630692	0.134672
chr20	178856	0.480174	0.135700
chr20	180188	0.475935	0.136340
chr20	181638	0.474551	0.137030
chr20	181967	0.473831	0.137186
chr20	182013	0.472908	0.137208
chr20	182886	0.470530	0.137621
chr20	183222	0.468714	0.137779
chr20	185844	0.474824	0.139008
chr20	185926	0.481823	0.139047
chr20	186405	0.485379	0.139278
chr20	188030	0.485578	0.140066
chr20	188107	0.485429	0.140104
chr20	188318	0.485643	0.140206
chr20	189520	0.486143	0.140790
chr20	191797	2.150471	0.141897
chr20	191809	3.866121	0.141923
chr20	192069	4.320514	0.142928
chr20	193321	4.194573	0.148337
chr20	194282	3.318785	0.152368
chr20	194527	1.279388	0.153181
chr20	195171	0.373238	0.154005
chr20	197162	0.372409	0.154748
chr20	197675	0.370511	0.154939
chr20	197804	0.369434	0.154987
chr20	200142	0.337573	0.155851
chr20	204242	0.337522	0.157235
chr20	206402	0.453873	0.157964
chr20	207903	2.952388	0.158645
chr20	208550	3.321692	0.160556
chr20	208685	3.307142	0.161004
chr20	209404	2.630556	0.163382
chr20	209851	2.523379	0.164558
chr20	210061	2.448489	0.165088
chr20	210306	2.451960	0.165687
chr20	210634	2.466857	0.166492
chr20	211509	2.463228	0.168650
chr20	213423	2.055348	0.173365
chr20	213523	1.011841	0.173570
chr20	216811	1.641853	0.176897
chr20	217074	1.914077	0.177329
chr20	217281	2.350024	0.177725
chr20	218783	2.095437	0.181255
chr20	219011	1.569765	0.181733
chr20	219662	0.392063	0.182755
chr20	220262	0.393681	0.182990
chr20	220290	0.393648	0.183001
chr20	220303	0.393285	0.183006
chr20	220757	0.424260	0.183185
chr20	221018	0.655034	0.183295
chr20	221308	0.686720	0.183485
chr20	221537	0.716412	0.183643
chr20	221853	1.020501	0.183869
chr20	221942	1.242402	0.183960
chr20	222262	1.141808	0.184357
chr20	222632	1.362752	0.184780
chr20	222730	1.353589	0.184913
chr20	222836	1.092194	0.185057
chr20	223255	1.129789	0.185515
chr20	223439	1.066638	0.185722
chr20	223538	1.012890	0.185828
chr20	223858	1.003407	0.186152
chr20	224128	0.995778	0.186423
chr20	225058	0.666619	0.187349
chr20	225444	0.591497	0.187606
chr20	225605	0.581425	0.187702
chr20	225622	0.573655	0.187712
chr20	226153	0.479385	0.188016
chr20	226430	0.481332	0.188149
chr20	226444	0.408221	0.188156
chr20	226518	0.407188	0.188186
chr20	227967	0.419076	0.188776
chr20	228355	1.063174	0.188939
chr20	228577	0.677850	0.189175
chr20	228706	0.795530	0.189262
chr20	228740	0.939621	0.189289
chr20	230177	0.876160	0.190639
chr20	230516	1.577072	0.190936
chr20	230983	0.373993	0.191673
chr20	232107	0.446738	0.192093
chr20	232580	0.397972	0.192304
chr20	233623	3.504288	0.192720
chr20	233858	3.538097	0.193543
chr20	234373	3.534410	0.195365
chr20	235722	0.345594	0.200133
chr20	236088	0.313425	0.200260
chr20	236168	0.137239	0.200285
chr20	236238	0.040416	0.200294
chr20	236419	0.025842	0.200302
chr20	236802	0.025842	0.200311
chr20	236828	0.025845	0.200312
chr20	236992	0.025844	0.200316
chr20	237418	0.025817	0.200327
chr20	237497	0.029943	0.200329
chr20	237545	0.038193	0.200331
chr20	237618	0.068209	0.200334
chr20	238020	0.738240	0.200361
chr20	238507	0.835628	0.200721
chr20	238530	0.999730	0.200740
chr20	238540	1.197104	0.200750
chr20	238737	1.269220	0.200986
chr20	239294	1.132699	0.201693
chr20	239664	1.512248	0.202112
chr20	239688	1.798946	0.202148
chr20	240706	2.109722	0.203979
chr20	241131	2.338526	0.204876
chr20	241366	2.362222	0.205425
chr20	241396	2.396185	0.205496
chr20	243147	2.396810	0.209692
chr20	243306	2.396412	0.210073
chr20	243352	2.459799	0.210183
chr20	243398	2.507319	0.210297
chr20	243420	2.506229	0.210352
chr20	244092	2.507772	0.212036
chr20	244933	2.516588	0.214145
chr20	246018	2.522854	0.216875
chr20	246392	20.469417	0.217819
chr20	247647	20.469142	0.243508
chr20	248064	4.930038	0.252044
chr20	248926	4.882630	0.256293
chr20	249240	4.851283	0.257827
chr20	250076	4.851392	0.261882
chr20	250934	4.872893	0.266045
chr20	251494	4.927834	0.268774
chr20	252165	4.930001	0.272080
chr20	252721	4.958364	0.274821
chr20	255240	4.946680	0.287311
chr20	255882	3.574531	0.290487
chr20	256107	1.402935	0.291291
chr20	256727	1.426558	0.292161
chr20	256886	1.543564	0.292388
chr20	256992	2.466040	0.292552
chr20	257032	3.591857	0.292650
chr20	258865	3.239813	0.299234
chr20	259398	3.032186	0.300961
chr20	260980	3.032186	0.305758
chr20	264997	2.990520	0.317938
chr20	265968	2.904980	0.320842
chr20	267842	1.470062	0.326286
chr20	267946	0.217429	0.326439
chr20	269006	0.218597	0.326669
chr20	269690	1.541867	0.326819
chr20	269703	2.954146	0.326839
chr20	270775	3.488510	0.330006
chr20	274333	3.507078	0.342418
chr20	277832	4.087791	0.354689
chr20	283535	5.691467	0.378002
chr20	283877	6.293105	0.379948
chr20	284814	6.910089	0.385845
chr20	284834	7.422113	0.385983
chr20	285323	7.776608	0.389612
chr20	286047	7.510416	0.395243
chr20	286526	7.625226	0.398840
chr20	286838	10.230852	0.401219
chr20	288233	11.443696	0.415491
chr20	288776	11.441882	0.421705
chr20	288922	11.513615	0.423376
chr20	288996	11.513971	0.424228
chr20	289362	11.511534	0.428442
chr20	289612	11.503293	0.431320
chr20	289785	11.494610	0.433310
chr20	290257	11.368237	0.438735
chr20	290297	11.247639	0.439190
chr20	290318	11.124053	0.439426
chr20	290763	11.122027	0.444376
chr20	291751	10.041904	0.455365
chr20	291971	9.745426	0.457574
chr20	296172	13.135868	0.498515
chr20	303936	12.969317	0.600502
chr20	304086	12.559852	0.602447
chr20	304550	8.872967	0.608275
chr20	308976	8.633072	0.647547
chr20	309692	4.298511	0.653728
chr20	310474	4.050913	0.657089
chr20	310493	3.832882	0.657166
chr20	311290	3.790036	0.660221
chr20	313237	3.789269	0.667600
chr20	315842	3.789701	0.677471
chr20	317985	3.790173	0.685593
chr20	320344	3.792528	0.694534
chr20	322612	3.802618	0.703135
chr20	323308	3.992091	0.705782
chr20	323583	4.140888	0.706880
chr20	324123	4.184755	0.709116
chr20	325102	5.391009	0.713212
chr20	326016	8.246599	0.718140
chr20	326150	8.973604	0.719245
chr20	326478	8.973507	0.722188
chr20	328959	8.973507	0.744452
chr20	329713	9.073255	0.751218
chr20	329842	9.068333	0.752388
chr20	333064	9.074088	0.781606
chr20	333463	8.943103	0.785227
chr20	333497	8.789420	0.785531
chr20	334403	6.197484	0.793494
chr20	335225	6.197484	0.798588
chr20	335621	6.107093	0.801043
chr20	336570	6.119151	0.806838
chr20	337386	6.111119	0.811831
chr20	340235	6.110153	0.829242
chr20	341868	6.110567	0.839220
chr20	341946	6.146910	0.839696
chr20	344079	8.407469	0.852808
chr20	344631	8.820972	0.857449
chr20	344885	8.820972	0.859689
chr20	345617	8.893149	0.866146
chr20	345864	8.927115	0.868343
chr20	346751	9.007167	0.876261
chr20	347202	14.479782	0.880323
chr20	347355	38.551029	0.882539
chr20	347382	39.047892	0.883580
chr20	347459	40.391426	0.886586
chr20	347558	64.225577	0.890585
chr20	347908	64.225577	0.913064
chr20	348166	64.225577	0.929634
chr20	348188	64.225577	0.931047
chr20	348334	64.225577	0.940424
chr20	349306	32.616398	1.002851
chr20	349737	9.673489	1.016909
chr20	350490	9.598331	1.024193
chr20	351015	8.252133	1.029232
chr20	351070	6.867540	1.029686
chr20	351601	6.372527	1.033333
chr20	351634	5.855837	1.033543
chr20	351664	5.519714	1.033719
chr20	351725	5.380224	1.034056
chr20	351944	5.305684	1.035234
chr20	352036	5.310774	1.035722
chr20	352170	3.753022	1.036434
chr20	352507	3.623598	1.037698
chr20	352717	3.563956	1.038459
chr20	353008	2.929185	1.039496
chr20	353085	2.184993	1.039722
chr20	353110	1.477973	1.039777
chr20	353709	1.363297	1.040662
chr20	356785	1.347174	1.044855
chr20	357050	1.343325	1.045212
chr20	358935	1.434092	1.047745
chr20	360460	9.095029	1.049932
chr20	360789	10.896344	1.052924
chr20	364747	10.921403	1.096052
chr20	365598	10.925355	1.105346
chr20	365607	10.925191	1.105444
chr20	369428	10.912882	1.147189
chr20	370150	5.835011	1.155068
chr20	371819	5.833179	1.164807
chr20	372358	5.830419	1.167951
chr20	373836	5.851994	1.176568
chr20	376465	6.289150	1.191953
chr20	377226	7.087386	1.196739
chr20	377979	7.107528	1.202076
chr20	378242	7.116439	1.203945
chr20	380980	5.189964	1.223430
chr20	381191	4.481740	1.224525
chr20	382876	4.407364	1.232077
chr20	383720	3.977412	1.235797
chr20	384898	2.977400	1.240482
chr20	385052	2.205149	1.240941
chr20	389881	2.007590	1.251589
chr20	389984	1.856610	1.251796
chr20	391170	1.526073	1.253998
chr20	391564	1.522752	1.254599
chr20	397928	4.878017	1.264290
chr20	398278	5.810600	1.265998
chr20	400883	6.009242	1.281134
chr20	402171	6.384984	1.288874
chr20	402440	6.389698	1.290592
chr20	402710	6.325335	1.292317
chr20	402921	6.259051	1.293651
chr20	403653	4.841991	1.298233
chr20	403661	4.841991	1.298272
chr20	404407	4.791993	1.301884
chr20	404916	3.299634	1.304323
chr20	404947	1.924687	1.304425
chr20	406058	0.761158	1.306564
chr20	406559	0.753579	1.306945
chr20	406734	0.753713	1.307077
chr20	406876	0.751450	1.307184
chr20	407059	0.748401	1.307321
chr20	407108	0.746698	1.307358
chr20	408253	0.746276	1.308213
chr20	408651	0.746724	1.308510
chr20	409802	0.778553	1.309370
chr20	411242	0.778553	1.310491
chr20	411773	0.778374	1.310904
chr20	411842	0.777743	1.310958
chr20	413813	0.749258	1.312491
chr20	414133	0.750552	1.312730
chr20	415205	0.751120	1.313535
chr20	415487	0.752322	1.313747
chr20	416956	0.752667	1.314852
chr20	418267	0.752667	1.315839
chr20	418334	0.752991	1.315889
chr20	419067	0.754275	1.316441
chr20	420098	0.755333	1.317219
chr20	421511	0.756895	1.318286
chr20	422031	0.756407	1.318680
chr20	422348	0.741504	1.318919
chr20	424198	0.296253	1.320291
chr20	424852	0.288567	1.320485
chr20	425097	0.245217	1.320556
chr20	425434	0.221441	1.320638
chr20	425606	0.202218	1.320676
chr20	425865	0.200342	1.320729
chr20	426057	0.198880	1.320767
chr20	426349	0.198575	1.320825
chr20	426433	0.173027	1.320842
chr20	431502	0.178029	1.321719
chr20	431732	0.190672	1.321760
chr20	435258	0.196725	1.322432
chr20	440443	6.955204	1.323452
chr20	443798	6.959827	1.346787
chr20	443896	6.724028	1.347469
chr20	446852	0.635342	1.367345
chr20	450704	0.713262	1.369793
chr20	452757	0.860987	1.371257
chr20	453461	0.924460	1.371863
chr20	453919	0.930316	1.372287
chr20	456249	0.893459	1.374454
chr20	456452	0.801518	1.374636
chr20	456473	0.728448	1.374652
chr20	456717	0.597142	1.374830
chr20	459403	0.536959	1.376434
chr20	459720	0.494688	1.376604
chr20	459820	0.458314	1.376654
chr20	461819	0.458524	1.377570
chr20	462008	0.459817	1.377657
chr20	463995	0.361700	1.378570
chr20	464877	0.360601	1.378889
chr20	467358	0.197697	1.379784
chr20	468001	0.096960	1.379911
chr20	472727	0.094479	1.380369
chr20	473902	0.092724	1.380480
chr20	476285	0.092224	1.380701
chr20	479319	0.091563	1.380981
chr20	480851	0.091563	1.381121
chr20	482114	0.091549	1.381237
chr20	484038	0.091642	1.381413
chr20	485180	0.091837	1.381518
chr20	485321	0.092221	1.381531
chr20	488065	0.106258	1.381784
chr20	488433	0.129747	1.381823
chr20	489009	0.185813	1.381898
chr20	492830	0.249226	1.382608
chr20	493174	0.270559	1.382693
chr20	493205	0.292314	1.382702
chr20	493243	0.313423	1.382713
chr20	493507	0.313789	1.382796
chr20	493598	0.316293	1.382824
chr20	493609	0.316293	1.382828
chr20	494654	0.372561	1.383158
chr20	495739	0.352605	1.383562
chr20	495744	0.336249	1.383564
chr20	496342	0.205214	1.383765
chr20	502620	0.321357	1.385054
chr20	502937	0.434375	1.385155
chr20	503119	0.434986	1.385234
chr20	503654	0.435016	1.385467
chr20	505492	0.434975	1.386267
chr20	505777	0.434808	1.386391
chr20	511356	0.385446	1.388817
chr20	511897	0.358011	1.389025
chr20	512067	0.320002	1.389086
chr20	514459	0.291384	1.389851
chr20	515927	0.291369	1.390279
chr20	517161	0.290732	1.390639
chr20	517857	0.290505	1.390841
chr20	517887	0.289633	1.390850
chr20	518752	0.289639	1.391100
chr20	519697	0.289064	1.391374
chr20	520471	0.288992	1.391598
chr20	524923	0.290741	1.392884
chr20	525493	0.290763	1.393050
chr20	526670	0.339917	1.393392
chr20	527495	0.461750	1.393673
chr20	527967	0.466845	1.393891
chr20	529615	0.472629	1.394660
chr20	530458	0.644248	1.395058
chr20	530812	0.813901	1.395286
chr20	530966	0.886467	1.395412
chr20	531074	0.916180	1.395508
chr20	531174	0.927093	1.395599
chr20	531221	0.942394	1.395643
chr20	531978	0.953595	1.396356
chr20	532059	0.967921	1.396433
chr20	532103	0.985895	1.396476
chr20	532332	0.978036	1.396702
chr20	532925	1.858135	1.397282
chr20	535497	19.720425	1.402061
chr20	536145	19.694382	1.414840
chr20	536429	13.885167	1.420433
chr20	536536	12.117764	1.421919
chr20	536785	9.849929	1.424936
chr20	536859	1.785369	1.425665
chr20	537678	1.794748	1.427127
chr20	537820	1.794615	1.427382
chr20	538203	1.810491	1.428069
chr20	538235	1.812293	1.428127
chr20	538247	1.822216	1.428149
chr20	538829	1.846346	1.429209
chr20	539018	1.921256	1.429558
chr20	539123	1.961527	1.429760
chr20	539650	1.243924	1.430794
chr20	539833	0.355846	1.431021
chr20	541262	0.318435	1.431530
chr20	541335	0.291593	1.431553
chr20	541589	0.283279	1.431627
chr20	542382	0.508118	1.431852
chr20	542700	1.139683	1.432014
chr20	543301	1.380480	1.432698
chr20	543616	1.438907	1.433133
chr20	543744	1.761210	1.433317
chr20	544015	2.835791	1.433795
chr20	544363	4.688697	1.434782
chr20	544417	13.223994	1.435035
chr20	545600	13.313046	1.450679
chr20	545905	13.313046	1.454739
chr20	547749	22.137499	1.479289
chr20	547972	22.137499	1.484225
chr20	548187	22.599119	1.488985
chr20	549364	22.583228	1.515584
chr20	549598	22.577282	1.520868
chr20	549907	22.202449	1.527845
chr20	549918	21.825570	1.528089
chr20	550600	18.024059	1.542974
chr20	550788	16.207147	1.546363
chr20	550815	14.587511	1.546800
chr20	550818	13.090256	1.546844
chr20	551921	13.072190	1.561282
chr20	553233	13.062424	1.578433
chr20	553269	13.027447	1.578903
chr20	553928	13.025896	1.587489
chr20	554791	13.030987	1.598730
chr20	554965	13.031919	1.600997
chr20	555352	2.515912	1.606041
chr20	556094	2.518593	1.607907
chr20	556783	2.548250	1.609643
chr20	557344	2.548283	1.611072
chr20	561125	10.266812	1.620707
chr20	561189	15.015378	1.621364
chr20	561916	15.068699	1.632281
chr20	562314	15.069588	1.638278
chr20	562445	15.070037	1.640252
chr20	563033	9.161086	1.649113
chr20	564110	6.953404	1.658980
chr20	564373	6.886106	1.660809
chr20	564893	5.463976	1.664389
chr20	565077	4.163892	1.665395
chr20	565308	3.480128	1.666357
chr20	565985	6.127535	1.668713
chr20	567652	6.127535	1.678927
chr20	568696	6.119155	1.685324
chr20	569374	6.119501	1.689473
chr20	572872	6.604960	1.710879
chr20	573036	9.782029	1.711962
chr20	573741	9.787354	1.718859
chr20	574282	9.795510	1.724154
chr20	574308	9.878695	1.724408
chr20	579657	11.734016	1.777249
chr20	581248	12.633607	1.795918
chr20	583587	12.621921	1.825468
chr20	584863	12.620664	1.841574
chr20	586955	12.598182	1.867976
chr20	587162	12.538586	1.870584
chr20	588089	5.123876	1.882207
chr20	591694	4.700065	1.900679
chr20	591769	4.827704	1.901031
chr20	591820	4.402159	1.901278
chr20	592038	4.990324	1.902237
chr20	592470	5.338382	1.904393
chr20	592525	5.592436	1.904687
chr20	592801	5.628828	1.906230
chr20	593076	5.630201	1.907778
chr20	593308	5.632574	1.909084
chr20	593318	5.636344	1.909141
chr20	593488	5.588080	1.910099
chr20	593620	5.029927	1.910837
chr20	593641	4.306933	1.910942
chr20	593661	3.169092	1.911028
chr20	594780	2.799572	1.914574
chr20	595425	2.246689	1.916380
chr20	595579	2.214322	1.916726
chr20	595689	1.879752	1.916970
chr20	597738	1.836057	1.920821
chr20	598195	1.456297	1.921660
chr20	598278	1.161902	1.921781
chr20	598427	0.964532	1.921954
chr20	598536	0.865506	1.922060
chr20	598694	0.661849	1.922196
chr20	600847	0.837946	1.923621
chr20	600964	1.180006	1.923719
chr20	601035	1.488386	1.923803
chr20	602622	3.058565	1.926165
chr20	602878	3.247157	1.926948
chr20	603024	3.917456	1.927422
chr20	603206	4.120196	1.928135
chr20	603620	4.067652	1.929841
chr20	604435	3.970570	1.933156
chr20	605889	3.958507	1.938929
chr20	605937	3.917902	1.939119
chr20	606714	3.640148	1.942164
chr20	609367	3.571126	1.951821
chr20	610661	3.070038	1.956442
chr20	611929	2.674838	1.960335
chr20	617808	2.824130	1.976060
chr20	619392	3.455273	1.980534
chr20	619611	4.241486	1.981290
chr20	621825	4.321560	1.990681
chr20	625267	4.464432	2.005556
chr20	626081	4.573438	2.009190
chr20	626164	4.634972	2.009569
chr20	626289	4.647113	2.010149
chr20	626502	4.647113	2.011139
chr20	627307	4.647113	2.014879
chr20	628890	4.655626	2.022236
chr20	630970	4.670977	2.031920
chr20	631117	4.690931	2.032606
chr20	631425	4.692133	2.034051
chr20	632959	4.922726	2.041249
chr20	635054	4.922726	2.051562
chr20	638921	4.955495	2.070598
chr20	641893	5.572353	2.085326
chr20	643677	5.653489	2.095267
chr20	643919	5.730691	2.096635
chr20	645853	8.983048	2.107718
chr20	648989	8.982712	2.135889
chr20	652097	3.416077	2.163807
chr20	658378	3.031320	2.185264
chr20	659286	2.655622	2.188016
chr20	659441	2.411863	2.188428
chr20	659483	2.188592	2.188529
chr20	660793	2.207704	2.191396
chr20	661269	2.286520	2.192447
chr20	665551	11.654214	2.202238
chr20	665733	14.670372	2.204359
chr20	667979	14.723111	2.237308
chr20	668361	19.467736	2.242933
chr20	668559	21.196526	2.246787
chr20	668646	21.203094	2.248631
chr20	668663	21.203094	2.248992
chr20	669301	21.182650	2.262519
chr20	669942	1.312020	2.276098
chr20	670581	1.255392	2.276936
chr20	670749	1.248111	2.277147
chr20	671575	1.315494	2.278178
chr20	671591	1.382759	2.278199
chr20	672063	1.386561	2.278851
chr20	672567	1.284286	2.279550
chr20	673424	1.263368	2.280651
chr20	673542	1.263914	2.280800
chr20	673640	1.247319	2.280924
chr20	673709	1.235978	2.281010
chr20	673748	1.226249	2.281058
chr20	674962	1.225634	2.282547
chr20	674986	1.224270	2.282576
chr20	675322	1.224511	2.282988
chr20	675903	1.241627	2.283699
chr20	676442	1.310034	2.284368
chr20	676575	1.310067	2.284542
chr20	676762	1.308983	2.284787
chr20	678578	1.331127	2.287165
chr20	678767	1.338258	2.287416
chr20	679271	1.335340	2.288091
chr20	680165	1.331209	2.289284
chr20	681164	1.340657	2.290614
chr20	682306	1.355317	2.292145
chr20	683616	20.666581	2.293921
chr20	687772	20.957290	2.379811
chr20	691592	20.954951	2.459868
chr20	691821	20.954951	2.464667
chr20	692275	20.954951	2.474180
chr20	694061	20.927022	2.511606
chr20	694894	20.893486	2.529038
chr20	695019	20.893486	2.531650
chr20	695060	20.887315	2.532506
chr20	695670	20.881913	2.545248
chr20	698987	8.511291	2.614513
chr20	701011	2.563266	2.631740
chr20	701631	2.538746	2.633329
chr20	702570	2.567052	2.635713
chr20	702921	2.587600	2.636614
chr20	704353	2.513792	2.640319
chr20	704452	2.426685	2.640568
chr20	704699	2.314954	2.641168
chr20	706759	5.275752	2.645936
chr20	706793	8.220407	2.646116
chr20	707880	12.790820	2.655051
chr20	709689	7.551355	2.678190
chr20	709972	0.911282	2.680327
chr20	713177	0.930072	2.683248
chr20	713430	0.955548	2.683483
chr20	713786	0.981898	2.683823
chr20	714462	1.064783	2.684487
chr20	714547	1.144016	2.684577
chr20	714571	1.125357	2.684605
chr20	714613	1.206292	2.684652
chr20	715175	1.273067	2.685330
chr20	716233	1.689047	2.686677
chr20	717428	1.714753	2.688695
chr20	717522	1.732678	2.688857
chr20	717569	1.743989	2.688938
chr20	717649	1.756949	2.689077
chr20	717818	1.885806	2.689374
chr20	717920	1.988991	2.689567
chr20	718703	2.026073	2.691124
chr20	719383	2.149071	2.692502
chr20	719740	2.171019	2.693269
chr20	719854	2.194404	2.693517
chr20	720604	2.223990	2.695162
chr20	720682	2.196378	2.695336
chr20	720916	2.196332	2.695850
chr20	721928	2.736966	2.698072
chr20	722980	2.754076	2.700952
chr20	723060	2.405110	2.701172
chr20	723155	2.175500	2.701401
chr20	723278	2.200753	2.701668
chr20	724578	2.300013	2.704529
chr20	725200	2.378821	2.705960
chr20	725460	2.378732	2.706578
chr20	726286	2.565002	2.708543
chr20	727331	2.564269	2.711224
chr20	728308	2.669499	2.713729
chr20	729990	0.945959	2.718219
chr20	730289	0.946150	2.718502
chr20	731211	0.946652	2.719374
chr20	731474	0.947122	2.719623
chr20	731744	0.947934	2.719879
chr20	731927	0.948219	2.720052
chr20	732764	0.948158	2.720846
chr20	733838	1.636719	2.721864
chr20	733963	2.888840	2.722069
chr20	733994	4.045868	2.722158
chr20	734646	1.095705	2.724796
chr20	735538	1.095738	2.725774
chr20	735858	1.095168	2.726124
chr20	736225	1.093062	2.726526
chr20	736393	1.090695	2.726710
chr20	737032	1.120286	2.727407
chr20	737052	1.151955	2.727429
chr20	737182	1.199055	2.727579
chr20	737859	1.199463	2.728391
chr20	739206	1.353994	2.730006
chr20	739308	9.597761	2.730145
chr20	739452	9.774205	2.731527
chr20	739518	9.781942	2.732172
chr20	740833	40.633615	2.745035
chr20	740919	48.167952	2.748529
chr20	741847	48.167952	2.793229
chr20	742252	48.167952	2.812737
chr20	742631	48.147794	2.830993
chr20	742716	43.657293	2.835086
chr20	742831	20.874113	2.840106
chr20	742931	3.377377	2.842194
chr20	743018	3.186972	2.842487
chr20	743220	3.075991	2.843131
chr20	743272	2.938366	2.843291
chr20	743770	2.872010	2.844754
chr20	743827	2.780728	2.844918
chr20	744032	2.458225	2.845488
chr20	744050	2.114590	2.845532
chr20	744308	2.056639	2.846078
chr20	744382	2.026358	2.846230
chr20	744415	1.991720	2.846297
chr20	744450	1.957219	2.846367
chr20	744847	1.909680	2.847144
chr20	745444	1.578126	2.848284
chr20	745547	1.372355	2.848446
chr20	745898	1.352927	2.848928
chr20	745963	1.321149	2.849016
chr20	746098	1.299712	2.849194
chr20	746885	1.303407	2.850217
chr20	746952	1.309332	2.850305
chr20	747835	1.315018	2.851461
chr20	747993	1.320649	2.851668
chr20	748610	1.359100	2.852483
chr20	748974	1.635086	2.852978
chr20	750204	1.660684	2.854989
chr20	750738	1.684040	2.855876
chr20	752132	1.969718	2.858224
chr20	752368	2.644310	2.858688
chr20	752633	5.614163	2.859389
chr20	752876	6.723525	2.860753
chr20	752963	7.380297	2.861338
chr20	753310	10.630993	2.863899
chr20	753363	13.308126	2.864463
chr20	753487	13.349077	2.866113
chr20	753516	13.381494	2.866500
chr20	753739	13.381494	2.869484
chr20	753917	13.379222	2.871866
chr20	754367	13.367860	2.877887
chr20	754381	13.341787	2.878074
chr20	754511	10.954975	2.879808
chr20	754685	10.949828	2.881714
chr20	755027	9.124828	2.885459
chr20	755171	7.719404	2.886773
chr20	755253	4.308037	2.887406
chr20	756074	1.239490	2.890943
chr20	756519	1.217189	2.891495
chr20	756531	1.211283	2.891509
chr20	756982	1.184018	2.892056
chr20	757498	1.180179	2.892667
chr20	758982	0.812831	2.894418
chr20	759315	0.679936	2.894689
chr20	760863	0.470975	2.895741
chr20	763195	0.383757	2.896839
chr20	763968	0.353622	2.897136
chr20	766594	0.354626	2.898065
chr20	767590	1.181968	2.898418
chr20	767720	2.631975	2.898572
chr20	771876	2.644634	2.909510
chr20	772614	9.812065	2.911462
chr20	773989	13.971982	2.924953
chr20	775376	13.982948	2.944333
chr20	775842	14.004168	2.950849
chr20	781645	11.529843	3.032115
chr20	781740	11.442928	3.033210
chr20	781848	4.565992	3.034446
chr20	782046	12.098262	3.035350
chr20	782070	64.685649	3.035640
chr20	782706	64.685649	3.076780
chr20	782798	64.685649	3.082732
chr20	783382	64.685649	3.120508
chr20	783864	16.387450	3.151686
chr20	784166	16.378536	3.156635
chr20	784346	5.653405	3.159584
chr20	784898	1.614586	3.162704
chr20	784958	0.562716	3.162801
chr20	785087	0.446054	3.162874
chr20	785108	0.355545	3.162883
chr20	785917	0.360877	3.163171
chr20	785999	0.369559	3.163200
chr20	787059	0.385661	3.163592
chr20	787341	0.433694	3.163701
chr20	788665	0.550698	3.164275
chr20	789129	0.490205	3.164531
chr20	789390	1.155701	3.164658
chr20	790035	1.171021	3.165404
chr20	790119	1.177980	3.165502
chr20	790296	1.164382	3.165711
chr20	790722	1.161025	3.166207
chr20	791208	1.155632	3.166771
chr20	791302	1.151883	3.166880
chr20	791745	1.002303	3.167390
chr20	791957	0.765061	3.167602
chr20	792783	0.752164	3.168234
chr20	794435	0.753945	3.169477
chr20	794506	0.754579	3.169531
chr20	795716	4.886298	3.170444
chr20	796822	4.968802	3.175848
chr20	798755	1.829300	3.185452
chr20	802123	1.682311	3.191614
chr20	803752	1.595978	3.194354
chr20	804261	1.577123	3.195166
chr20	806471	1.609820	3.198652
chr20	806878	1.631389	3.199307
chr20	807635	1.659334	3.200542
chr20	807864	1.705643	3.200922
chr20	808383	1.717001	3.201807
chr20	809589	2.117024	3.203878
chr20	809822	2.122946	3.204371
chr20	809837	2.258708	3.204403
chr20	809930	2.348747	3.204613
chr20	810707	2.338630	3.206438
chr20	811975	2.340560	3.209403
chr20	812009	2.341528	3.209483
chr20	813751	2.385365	3.213562
chr20	814151	2.383771	3.214516
chr20	814368	2.341563	3.215033
chr20	814381	2.339557	3.215064
chr20	814701	2.005426	3.215813
chr20	814922	1.521953	3.216256
chr20	818075	1.432576	3.221054
chr20	819030	1.446739	3.222423
chr20	819662	1.695117	3.223337
chr20	820203	1.805135	3.224254
chr20	820962	6.627258	3.225624
chr20	823504	10.726294	3.242471
chr20	824422	10.916531	3.252317
chr20	826513	6.176812	3.275144
chr20	826666	3.580496	3.276089
chr20	830152	3.391189	3.288570
chr20	830298	3.311045	3.289066
chr20	831093	3.357209	3.291698
chr20	831882	3.362540	3.294347
chr20	832763	5.333026	3.297309
chr20	833686	5.333026	3.302231
chr20	834107	5.333026	3.304477
chr20	834152	20.371276	3.304717
chr20	834251	20.373059	3.306733
chr20	834324	20.374804	3.308221
chr20	834480	20.391712	3.311399
chr20	836236	20.404346	3.347207
chr20	836346	8.452192	3.349451
chr20	836485	8.335196	3.350626
chr20	836526	6.874371	3.350968
chr20	836700	6.444592	3.352164
chr20	836811	2.861961	3.352879
chr20	837076	1.710060	3.353638
chr20	837800	1.407908	3.354876
chr20	837874	1.405642	3.354980
chr20	838001	1.405243	3.355159
chr20	838260	0.928569	3.355523
chr20	838290	0.928705	3.355550
chr20	839038	0.922464	3.356245
chr20	839070	0.915693	3.356275
chr20	839313	0.902277	3.356497
chr20	839515	0.891750	3.356679
chr20	839568	0.881683	3.356727
chr20	839588	0.776410	3.356744
chr20	840337	0.770776	3.357326
chr20	840405	0.770291	3.357378
chr20	840783	0.766684	3.357669
chr20	841096	0.758783	3.357909
chr20	842329	0.919444	3.358845
chr20	842938	5.741862	3.359405
chr20	843659	2.847309	3.363545
chr20	843733	0.649630	3.363756
chr20	843843	0.689700	3.363827
chr20	843889	0.721624	3.363859
chr20	843945	0.759401	3.363899
chr20	844007	0.804212	3.363946
chr20	844672	0.848403	3.364481
chr20	844692	0.902526	3.364498
chr20	844723	0.900894	3.364526
chr20	844801	0.989719	3.364596
chr20	846983	1.606939	3.366756
chr20	847183	1.636127	3.367077
chr20	847279	1.640067	3.367234
chr20	847355	1.631368	3.367359
chr20	847420	1.609385	3.367465
chr20	848617	4.638155	3.369391
chr20	848897	4.666944	3.370690
chr20	849169	4.667745	3.371959
chr20	849249	4.668999	3.372333
chr20	849253	4.668309	3.372352
chr20	849388	4.666196	3.372982
chr20	849435	4.664552	3.373201
chr20	849993	4.661644	3.375804
chr20	850420	4.397263	3.377794
chr20	850519	2.895669	3.378230
chr20	850583	0.850449	3.378415
chr20	851618	0.771379	3.379295
chr20	851769	0.699379	3.379412
chr20	851791	0.626273	3.379427
chr20	852847	0.625600	3.380089
chr20	853435	0.648995	3.380456
chr20	853502	0.675873	3.380500
chr20	854134	2.018127	3.380927
chr20	854251	6.495894	3.381163
chr20	854681	5.533676	3.383956
chr20	854754	2.885786	3.384360
chr20	854807	0.865736	3.384513
chr20	855339	0.864977	3.384974
chr20	856837	0.865901	3.386270
chr20	857132	0.865082	3.386525
chr20	857271	0.865013	3.386645
chr20	857377	0.863340	3.386737
chr20	858325	0.863146	3.387555
chr20	858841	0.863161	3.388001
chr20	859147	0.939915	3.388265
chr20	859467	1.266613	3.388566
chr20	859606	1.480132	3.388742
chr20	860802	1.541086	3.390512
chr20	861639	1.541068	3.391802
chr20	862823	1.563958	3.393626
chr20	863508	1.576973	3.394698
chr20	863706	1.588745	3.395010
chr20	864512	2.241011	3.396291
chr20	864640	3.222868	3.396577
chr20	864660	4.133995	3.396642
chr20	864997	4.340920	3.398035
chr20	865054	7.263693	3.398282
chr20	865107	7.278697	3.398667
chr20	865366	7.390984	3.400553
chr20	865537	7.386871	3.401816
chr20	866230	6.853611	3.406936
chr20	866350	4.494766	3.407758
chr20	866365	2.224349	3.407825
chr20	866742	1.993417	3.408664
chr20	866943	1.899424	3.409065
chr20	870556	1.470194	3.415927
chr20	871157	1.543118	3.416811
chr20	871236	1.560841	3.416933
chr20	871830	1.897460	3.417860
chr20	872123	1.977723	3.418416
chr20	872175	2.049924	3.418519
chr20	872466	2.049553	3.419115
chr20	872509	2.091546	3.419203
chr20	872602	2.102287	3.419398
chr20	872751	2.096835	3.419711
chr20	873277	2.053518	3.420814
chr20	873600	2.052738	3.421477
chr20	873749	1.637803	3.421783
chr20	875159	1.638991	3.424093
chr20	875368	1.625143	3.424435
chr20	875913	1.628208	3.425321
chr20	876243	1.641300	3.425858
chr20	876578	1.690011	3.426408
chr20	876702	1.724251	3.426617
chr20	877205	5.759284	3.427485
chr20	879853	10.938513	3.442735
chr20	880964	1.919543	3.454888
chr20	881703	1.917353	3.456307
chr20	882598	1.916469	3.458023
chr20	882803	1.921271	3.458416
chr20	882838	1.922630	3.458483
chr20	883000	1.929428	3.458794
chr20	883034	1.927990	3.458860
chr20	883156	1.938236	3.459095
chr20	883382	1.937174	3.459533
chr20	883514	2.193303	3.459789
chr20	883644	2.558930	3.460074
chr20	884070	2.034298	3.461164
chr20	884132	1.473668	3.461290
chr20	884841	1.453996	3.462335
chr20	886002	2.191602	3.464023
chr20	886050	2.863725	3.464128
chr20	886379	2.998236	3.465070
chr20	886546	3.118552	3.465571
chr20	886853	3.124439	3.466529
chr20	886856	3.126278	3.466538
chr20	886911	3.124455	3.466710
chr20	887040	3.136069	3.467113
chr20	887455	3.139047	3.468414
chr20	887521	3.188783	3.468622
chr20	887675	7.659914	3.469113
chr20	887800	24.225983	3.470070
chr20	888523	66.611864	3.487585
chr20	889317	66.611864	3.540475
chr20	889349	66.611864	3.542607
chr20	889722	66.611864	3.567453
chr20	889869	66.611864	3.577245
chr20	890278	66.611864	3.604489
chr20	890349	66.611864	3.609219
chr20	891062	66.611864	3.656713
chr20	891510	66.611864	3.686555
chr20	892438	66.611864	3.748371
chr20	892948	66.611864	3.782343
chr20	893981	66.611864	3.851153
chr20	894125	66.611864	3.860745
chr20	894722	66.611864	3.900512
chr20	894881	66.611864	3.911104
chr20	894951	66.611864	3.915767
chr20	894967	66.611864	3.916832
chr20	895038	66.611864	3.921562
chr20	895169	66.611864	3.930288
chr20	895325	66.611864	3.940679
chr20	895457	64.933097	3.949472
chr20	895492	64.933097	3.951745
chr20	895531	48.210237	3.954277
chr20	896012	3.266766	3.977466
chr20	896299	3.261398	3.978404
chr20	897614	3.338977	3.982693
chr20	898218	3.429311	3.984709
chr20	898271	3.530025	3.984891
chr20	898549	10.218695	3.985872
chr20	899379	17.242190	3.994354
chr20	900273	18.108555	4.009769
chr20	900416	19.180868	4.012358
chr20	900756	31.688496	4.018880
chr20	900831	31.953155	4.021256
chr20	900935	32.033083	4.024579
chr20	901676	32.033083	4.048316
chr20	901882	32.033083	4.054915
chr20	902002	32.033083	4.058759
chr20	902060	32.033083	4.060617
chr20	904625	17.683930	4.142781
chr20	904668	17.414054	4.143542
chr20	905154	10.251661	4.152005
chr20	905448	9.856501	4.155019
chr20	905785	9.855966	4.158341
chr20	906235	9.859135	4.162776
chr20	906747	9.859135	4.167824
chr20	907045	10.507365	4.170762
chr20	907426	10.973941	4.174765
chr20	907655	11.076393	4.177278
chr20	908926	11.166333	4.191356
chr20	909450	11.310644	4.197207
chr20	909771	11.329855	4.200838
chr20	909863	11.329423	4.201880
chr20	910234	8.891531	4.206084
chr20	910266	1.532016	4.206368
chr20	910344	1.056751	4.206488
chr20	910743	1.041565	4.206909
chr20	910892	1.042426	4.207064
chr20	911405	1.049448	4.207599
chr20	912626	1.053769	4.208881
chr20	912665	1.056655	4.208922
chr20	912699	1.062178	4.208958
chr20	912867	1.065129	4.209136
chr20	913035	1.068838	4.209315
chr20	914407	0.916619	4.210781
chr20	914420	0.765033	4.210793
chr20	914913	0.744871	4.211171
chr20	915259	0.745712	4.211428
chr20	915863	0.748333	4.211879
chr20	916393	0.751029	4.212275
chr20	916967	0.752242	4.212706
chr20	917795	0.751508	4.213329
chr20	918584	0.838024	4.213922
chr20	919023	1.340134	4.214290
chr20	919075	1.339732	4.214360
chr20	919094	1.917606	4.214385
chr20	919903	1.968405	4.215937
chr20	920245	1.963612	4.216610
chr20	920752	1.964302	4.217605
chr20	920850	1.964732	4.217798
chr20	920953	1.963297	4.218000
chr20	921331	1.964413	4.218742
chr20	921741	1.965271	4.219548
chr20	921971	1.977817	4.220000
chr20	922670	2.023119	4.221382
chr20	923206	6.598780	4.222467
chr20	925265	19.879024	4.236053
chr20	926325	20.113770	4.257125
chr20	926397	20.113770	4.258573
chr20	926585	20.113770	4.262355
chr20	926732	20.113770	4.265312
chr20	926945	20.110851	4.269596
chr20	927148	20.053489	4.273678
chr20	927457	8.872467	4.279875
chr20	927542	5.934678	4.280629
chr20	927845	5.984103	4.282427
chr20	927861	6.001982	4.282523
chr20	928228	5.781977	4.284726
chr20	928267	5.508772	4.284951
chr20	928425	2.924658	4.285822
chr20	929504	15.130325	4.288977
chr20	930480	15.132876	4.303744
chr20	930560	15.146236	4.304955
chr20	931170	15.148246	4.314194
chr20	931743	15.037166	4.322874
chr20	932513	15.123608	4.334453
chr20	932618	15.101433	4.336041
chr20	933015	15.058945	4.342036
chr20	933034	15.015723	4.342322
chr20	933185	15.002547	4.344590
chr20	933552	15.072879	4.350096
chr20	933758	15.115252	4.353201
chr20	933929	15.155877	4.355785
chr20	934313	15.192438	4.361605
chr20	934377	15.220691	4.362577
chr20	934500	15.229370	4.364450
chr20	934617	15.232790	4.366231
chr20	934948	15.232790	4.371273
chr20	935433	15.223767	4.378661
chr20	935693	15.193785	4.382620
chr20	936079	13.944703	4.388484
chr20	936460	13.791749	4.393797
chr20	936463	11.357387	4.393839
chr20	936945	9.938522	4.399313
chr20	937267	9.936770	4.402513
chr20	938004	9.867868	4.409837
chr20	938860	9.819183	4.418283
chr20	938943	8.906186	4.419098
chr20	939161	7.786478	4.421040
chr20	939166	7.780281	4.421079
chr20	939523	7.775945	4.423856
chr20	939596	7.773294	4.424424
chr20	939600	7.773339	4.424455
chr20	939958	7.777338	4.427238
chr20	940206	7.799314	4.429167
chr20	940212	7.815621	4.429214
chr20	940514	7.784459	4.431574
chr20	941312	7.618573	4.437786
chr20	941395	7.616479	4.438418
chr20	941419	7.460561	4.438601
chr20	941646	7.454131	4.440295
chr20	941665	7.368867	4.440436
chr20	942098	5.927540	4.443627
chr20	942326	5.918546	4.444978
chr20	942432	3.373194	4.445606
chr20	942670	2.444530	4.446409
chr20	942783	2.205841	4.446685
chr20	943058	2.140215	4.447291
chr20	943382	2.136975	4.447985
chr20	943461	2.129925	4.448154
chr20	943526	2.134728	4.448292
chr20	943579	2.097716	4.448405
chr20	943723	1.840059	4.448707
chr20	943812	1.382646	4.448871
chr20	943907	1.161604	4.449002
chr20	944115	1.043233	4.449244
chr20	944997	1.089580	4.450164
chr20	945114	1.091354	4.450292
chr20	946337	1.573712	4.451626
chr20	946462	1.899700	4.451823
chr20	946498	2.326121	4.451892
chr20	946766	1.746809	4.452515
chr20	946803	1.386706	4.452580
chr20	947054	1.127451	4.452928
chr20	947150	0.887988	4.453036
chr20	947909	0.848751	4.453710
chr20	948280	0.824239	4.454025
chr20	949338	0.823667	4.454897
chr20	950734	0.832685	4.456047
chr20	951819	0.870344	4.456950
chr20	952151	0.881185	4.457239
chr20	952218	0.922114	4.457298
chr20	953050	0.985111	4.458065
chr20	953150	1.060175	4.458164
chr20	953463	1.126563	4.458496
chr20	953520	1.200063	4.458560
chr20	953602	1.275644	4.458658
chr20	954364	1.351723	4.459630
chr20	954753	1.326467	4.460156
chr20	954876	1.302443	4.460319
chr20	955412	1.279775	4.461017
chr20	956336	1.430100	4.462200
chr20	956566	1.793130	4.462529
chr20	956685	2.444306	4.462742
chr20	957880	2.440175	4.465663
chr20	958786	2.306435	4.467874
chr20	959204	2.299432	4.468838
chr20	959339	2.284819	4.469148
chr20	959394	2.279165	4.469274
chr20	959816	2.286294	4.470236
chr20	961220	2.286652	4.473446
chr20	961502	2.284937	4.474091
chr20	961527	2.284919	4.474148
chr20	961751	2.233530	4.474660
chr20	961781	2.122594	4.474727
chr20	961850	1.250663	4.474873
chr20	962416	1.212361	4.475581
chr20	963458	1.218373	4.476844
chr20	964160	1.236238	4.477700
chr20	964496	1.152069	4.478115
chr20	964652	1.069934	4.478295
chr20	965370	1.069329	4.479063
chr20	965379	1.069653	4.479073
chr20	965445	1.069615	4.479143
chr20	965980	1.046270	4.479715
chr20	966102	1.047216	4.479843
chr20	966215	1.094746	4.479961
chr20	966504	1.102045	4.480278
chr20	967130	1.067623	4.480968
chr20	967634	1.069373	4.481506
chr20	967848	1.323576	4.481735
chr20	967957	1.648800	4.481879
chr20	968892	1.559653	4.483420
chr20	970060	1.781486	4.485242
chr20	970563	4.622360	4.486138
chr20	971064	6.109060	4.488454
chr20	971763	6.116543	4.492724
chr20	971962	6.147363	4.493941
chr20	972129	6.166036	4.494968
chr20	973175	4.516228	4.501418
chr20	973669	4.364641	4.503649
chr20	973702	4.044140	4.503793
chr20	974126	2.683522	4.505507
chr20	974438	2.263811	4.506345
chr20	974598	2.191091	4.506707
chr20	975877	2.149910	4.509509
chr20	976103	2.146285	4.509995
chr20	976128	1.892079	4.510049
chr20	976269	1.620568	4.510316
chr20	976619	1.436098	4.510883
chr20	977164	1.381497	4.511666
chr20	977749	1.339908	4.512474
chr20	978004	1.309080	4.512815
chr20	979171	1.314898	4.514343
chr20	979720	1.641147	4.515065
chr20	981118	1.676344	4.517359
chr20	981418	1.678413	4.517862
chr20	981568	2.594371	4.518114
chr20	981637	2.867765	4.518293
chr20	981674	2.984813	4.518399
chr20	983957	47.509538	4.525213
chr20	984766	47.554142	4.563649
chr20	985530	47.565146	4.599980
chr20	985712	47.538893	4.608637
chr20	986114	6.110406	4.627747
chr20	992713	6.113730	4.668070
chr20	995025	6.115733	4.682205
chr20	995281	6.114957	4.683771
chr20	995832	6.129828	4.687140
chr20	996069	6.152500	4.688593
chr20	996142	6.159010	4.689042
chr20	996293	4.817628	4.689972
chr20	996341	4.347180	4.690203
chr20	998167	4.342073	4.698141
chr20	998312	3.567747	4.698771
chr20	998383	1.079763	4.699024
chr20	998566	1.079031	4.699222
chr20	998589	1.078193	4.699246
chr20	998813	1.077936	4.699488
chr20	998957	1.077652	4.699643
chr20	998996	1.077524	4.699685
chr20	999048	1.077496	4.699741
chr20	999143	1.077490	4.699844
chr20	999231	1.080459	4.699938
chr20	999572	1.080430	4.700307
chr20	999752	1.084385	4.700501
chr20	999784	1.084494	4.700536
chr20	1000072	1.084881	4.700848
chr20	1000152	2.154744	4.700935
chr20	1000179	7.460710	4.700993
chr20	1000303	2.637145	4.701918
chr20	1000838	2.525081	4.703329
chr20	1001135	1.590806	4.704079
chr20	1001760	1.428834	4.705073
chr20	1001788	1.307558	4.705113
chr20	1001987	1.288436	4.705374
chr20	1002255	1.285103	4.705719
chr20	1002656	0.817509	4.706234
chr20	1003002	0.505992	4.706517
chr20	1004630	0.506206	4.707341
chr20	1005873	0.815444	4.707970
chr20	1006211	1.000130	4.708246
chr20	1006295	1.209676	4.708330
chr20	1008495	1.204303	4.710991
chr20	1009232	1.212384	4.711879
chr20	1009420	1.294775	4.712107
chr20	1009679	1.334180	4.712442
chr20	1009788	1.398509	4.712587
chr20	1009896	1.409701	4.712738
chr20	1010089	1.443370	4.713010
chr20	1010326	2.521688	4.713353
chr20	1011064	2.484858	4.715214
chr20	1011174	2.442843	4.715487
chr20	1011268	0.996941	4.715716
chr20	1012026	0.996840	4.716472
chr20	1012798	0.994376	4.717242
chr20	1014355	0.993600	4.718790
chr20	1014974	0.991761	4.719405
chr20	1015414	0.991594	4.719841
chr20	1016392	0.997263	4.720811
chr20	1016978	2.001020	4.721396
chr20	1016990	2.904946	4.721420
chr20	1017193	3.037246	4.722009
chr20	1017205	3.180155	4.722046
chr20	1017232	3.319046	4.722132
chr20	1017517	3.136502	4.723078
chr20	1017661	3.112154	4.723529
chr20	1018057	3.109946	4.724762
chr20	1018317	2.688369	4.725570
chr20	1018350	2.014469	4.725659
chr20	1018485	2.008333	4.725931
chr20	1018717	1.933838	4.726397
chr20	1019132	1.930676	4.727199
chr20	1019321	1.911689	4.727564
chr20	1020318	2.953454	4.729470
chr20	1020433	15.084543	4.729810
chr20	1021020	16.346714	4.738664
chr20	1021241	20.834945	4.742277
chr20	1022483	20.820153	4.768154
chr20	1022712	20.835446	4.772922
chr20	1022779	37.717408	4.774318
chr20	1024505	37.717408	4.839418
chr20	1024605	37.717408	4.843190
chr20	1024652	37.717408	4.844963
chr20	1024731	37.717408	4.847942
chr20	1024925	37.717408	4.855259
chr20	1025258	0.982304	4.867819
chr20	1027161	0.954909	4.869689
chr20	1028346	0.953322	4.870820
chr20	1028709	0.953160	4.871166
chr20	1028824	0.952960	4.871276
chr20	1029686	1.005851	4.872097
chr20	1030235	1.339634	4.872650
chr20	1030416	1.883703	4.872892
chr20	1031043	2.286053	4.874073
chr20	1031449	6.241348	4.875001
chr20	1031522	9.086990	4.875457
chr20	1031886	9.550301	4.878765
chr20	1032665	9.548857	4.886204
chr20	1034827	2.468235	4.906849
chr20	1034997	2.450744	4.907268
chr20	1036604	2.449725	4.911207
chr20	1037775	2.449723	4.914075
chr20	1038336	2.883635	4.915450
chr20	1038912	9.100470	4.917111
chr20	1039283	9.121183	4.920487
chr20	1039291	9.142818	4.920560
chr20	1039317	9.142818	4.920798
chr20	1039336	9.143008	4.920971
chr20	1039416	9.053616	4.921703
chr20	1039488	2.856891	4.922355
chr20	1039828	0.156839	4.923326
chr20	1039999	0.098354	4.923353
chr20	1040532	0.096655	4.923405
chr20	1040567	0.096347	4.923409
chr20	1040584	0.095527	4.923410
chr20	1040861	0.095340	4.923437
chr20	1040936	0.095271	4.923444
chr20	1041244	0.095188	4.923473
chr20	1041415	0.095862	4.923489
chr20	1041549	0.100691	4.923502
chr20	1041756	0.598361	4.923523
chr20	1041804	1.293305	4.923552
chr20	1041823	1.932997	4.923576
chr20	1041962	12.381741	4.923845
chr20	1042200	9.261038	4.926792
chr20	1043075	9.116005	4.934895
chr20	1043243	1.858982	4.936427
chr20	1044888	0.151348	4.939485
chr20	1045261	0.149609	4.939541
chr20	1046662	0.149604	4.939751
chr20	1046965	0.063877	4.939796
chr20	1050556	0.064078	4.940026
chr20	1050896	0.064338	4.940047
chr20	1053502	0.064342	4.940215
chr20	1053706	0.064343	4.940228
chr20	1055720	0.064343	4.940358
chr20	1059135	0.068748	4.940578
chr20	1060202	0.071075	4.940651
chr20	1061469	0.110763	4.940741
chr20	1061660	0.270390	4.940762
chr20	1061777	0.565867	4.940794
chr20	1062532	0.394795	4.941221
chr20	1062682	0.249127	4.941280
chr20	1062779	0.177370	4.941304
chr20	1063318	0.177267	4.941400
chr20	1063531	0.177347	4.941438
chr20	1064173	0.178580	4.941552
chr20	1064591	0.185420	4.941626
chr20	1064620	0.189896	4.941632
chr20	1066580	0.217717	4.942004
chr20	1066687	0.240751	4.942027
chr20	1066962	0.243505	4.942093
chr20	1067249	0.248646	4.942163
chr20	1067571	0.243796	4.942243
chr20	1067700	0.232790	4.942275
chr20	1068253	0.235983	4.942403
chr20	1068462	0.221990	4.942453
chr20	1069103	0.230318	4.942595
chr20	1069432	0.240161	4.942671
chr20	1070829	0.270056	4.943006
chr20	1070943	0.269873	4.943037
chr20	1072813	0.286163	4.943542
chr20	1074241	0.286207	4.943950
chr20	1075658	0.286071	4.944356
chr20	1075691	0.288076	4.944365
chr20	1077097	0.297662	4.944770
chr20	1078662	0.299056	4.945236
chr20	1079305	0.357640	4.945429
chr20	1079678	0.330445	4.945562
chr20	1079945	0.332666	4.945650
chr20	1081872	0.336034	4.946291
chr20	1082454	0.335352	4.946487
chr20	1083089	0.335981	4.946700
chr20	1084014	0.716002	4.947011
chr20	1084023	1.091599	4.947017
chr20	1084425	1.095863	4.947456
chr20	1084659	1.128736	4.947712
chr20	1084704	1.151211	4.947763
chr20	1084717	1.175761	4.947778
chr20	1084883	1.178977	4.947973
chr20	1084969	1.183417	4.948075
chr20	1086138	1.178899	4.949458
chr20	1086753	1.171960	4.950183
chr20	1087124	1.163313	4.950618
chr20	1089961	1.158689	4.953918
chr20	1090381	1.062128	4.954405
chr20	1090679	0.208644	4.954721
chr20	1094698	0.564375	4.955560
chr20	1094857	1.038445	4.955650
chr20	1096116	1.641959	4.956957
chr20	1097609	1.990523	4.959408
chr20	1097747	2.535144	4.959683
chr20	1098486	2.371792	4.961557
chr20	1098954	2.418278	4.962667
chr20	1099199	2.486181	4.963259
chr20	1099329	4.989120	4.963582
chr20	1099523	1.068468	4.964550
chr20	1099666	0.060372	4.964703
chr20	1100403	0.055981	4.964747
chr20	1100669	0.054358	4.964762
chr20	1102532	0.054364	4.964864
chr20	1104013	0.054589	4.964944
chr20	1104297	0.054825	4.964960
chr20	1104493	0.055047	4.964970
chr20	1104727	0.055047	4.964983
chr20	1105381	0.055150	4.965019
chr20	1106908	0.055150	4.965103
chr20	1108262	0.055135	4.965178
chr20	1110772	0.055180	4.965317
chr20	1111874	0.055321	4.965377
chr20	1112168	0.055562	4.965394
chr20	1115919	0.056894	4.965602
chr20	1116429	0.058671	4.965631
chr20	1116799	0.060203	4.965653
chr20	1118399	0.083046	4.965749
chr20	1119263	0.130679	4.965821
chr20	1120654	0.141116	4.966003
chr20	1120795	0.151214	4.966023
chr20	1121501	0.158700	4.966129
chr20	1124246	0.159525	4.966565
chr20	1124983	0.161239	4.966682
chr20	1125036	0.166806	4.966691
chr20	1125924	0.182781	4.966839
chr20	1126002	0.284635	4.966853
chr20	1126040	0.429803	4.966864
chr20	1126724	0.598463	4.967158
chr20	1126745	0.799852	4.967171
chr20	1128013	0.897357	4.968185
chr20	1129557	0.980465	4.969570
chr20	1129803	1.031535	4.969812
chr20	1129880	2.299040	4.969891
chr20	1130033	6.720664	4.970243
chr20	1131029	6.718781	4.976937
chr20	1131053	6.108052	4.977098
chr20	1131119	5.454293	4.977501
chr20	1132211	5.365267	4.983457
chr20	1132457	5.288976	4.984777
chr20	1133980	4.323219	4.992832
chr20	1134057	1.389712	4.993165
chr20	1134433	1.343493	4.993688
chr20	1134900	1.321965	4.994315
chr20	1135413	1.213219	4.994993
chr20	1136156	1.121888	4.995895
chr20	1136217	1.120715	4.995963
chr20	1136656	1.083204	4.996455
chr20	1137085	1.053625	4.996920
chr20	1137203	1.046512	4.997044
chr20	1137204	0.993625	4.997045
chr20	1137402	0.820406	4.997242
chr20	1137983	0.135889	4.997718
chr20	1140320	0.135901	4.998036
chr20	1140457	0.135651	4.998055
chr20	1140727	0.135370	4.998091
chr20	1140749	0.135229	4.998094
chr20	1146048	0.136171	4.998811
chr20	1146136	0.140802	4.998823
chr20	1146495	0.140868	4.998873
chr20	1147410	0.189606	4.999002
chr20	1147775	0.250334	4.999071
chr20	1148783	0.304401	4.999324
chr20	1149399	0.304819	4.999511
chr20	1151029	0.311390	5.000008
chr20	1151038	0.321174	5.000011
chr20	1151285	0.336608	5.000090
chr20	1151744	0.382985	5.000245
chr20	1152237	0.496021	5.000434
chr20	1153000	0.712579	5.000812
chr20	1153225	1.835024	5.000972
chr20	1155854	1.819312	5.005797
chr20	1158804	1.818249	5.011164
chr20	1159395	1.810243	5.012238
chr20	1159472	1.810211	5.012378
chr20	1161063	10.143161	5.015258
chr20	1161113	16.330970	5.015765
chr20	1162370	20.292754	5.036293
chr20	1162529	20.486355	5.039519
chr20	1162615	20.494084	5.041281
chr20	1163179	20.494084	5.052840
chr20	1163605	20.494084	5.061570
chr20	1164930	20.494084	5.088725
chr20	1168320	20.456245	5.158200
chr20	1169991	15.223000	5.192382
chr20	1171788	5.303431	5.219738
chr20	1174075	4.906541	5.231867
chr20	1175086	4.905156	5.236828
chr20	1175527	1.417802	5.238991
chr20	1175730	1.419134	5.239278
chr20	1175894	1.374624	5.239511
chr20	1176791	1.365381	5.240744
chr20	1177029	0.906573	5.241069
chr20	1177199	0.645479	5.241223
chr20	1177817	0.602687	5.241622
chr20	1178698	0.598687	5.242153
chr20	1179082	0.586889	5.242383
chr20	1179237	0.574572	5.242474
chr20	1179807	0.572863	5.242802
chr20	1180222	0.552263	5.243039
chr20	1181394	0.551918	5.243687
chr20	1181943	0.549330	5.243990
chr20	1182173	0.546435	5.244116
chr20	1183414	0.534326	5.244794
chr20	1183560	0.544660	5.244872
chr20	1184450	0.698486	5.245357
chr20	1184759	0.704738	5.245573
chr20	1184904	1.254758	5.245675
chr20	1184933	1.270299	5.245711
chr20	1185338	2.262916	5.246226
chr20	1185581	2.888093	5.246776
chr20	1186321	3.232122	5.248913
chr20	1188386	3.226227	5.255587
chr20	1188933	3.520008	5.257352
chr20	1189334	3.956791	5.258763
chr20	1190856	2.611497	5.264786
chr20	1191566	2.253123	5.266640
chr20	1193685	2.103363	5.271414
chr20	1195532	5.601476	5.275299
chr20	1195688	6.088286	5.276173
chr20	1195784	4.901069	5.276757
chr20	1195808	0.974613	5.276875
chr20	1205886	1.392132	5.286697
chr20	1208610	1.215841	5.290489
chr20	1208846	0.970441	5.290776
chr20	1210647	0.394871	5.292524
chr20	1212618	0.363739	5.293302
chr20	1214814	0.091668	5.294101
chr20	1216704	0.088230	5.294274
chr20	1217262	0.088044	5.294324
chr20	1217544	0.087529	5.294348
chr20	1217573	0.087354	5.294351
chr20	1217741	0.074222	5.294366
chr20	1217841	0.074117	5.294373
chr20	1218466	0.074101	5.294419
chr20	1219925	0.074078	5.294527
chr20	1220536	0.073993	5.294573
chr20	1220695	0.073965	5.294584
chr20	1221038	0.073671	5.294610
chr20	1221171	0.073390	5.294620
chr20	1221825	0.073381	5.294668
chr20	1221856	0.073316	5.294670
chr20	1223234	0.063622	5.294771
chr20	1223495	0.063562	5.294788
chr20	1224774	0.052386	5.294869
chr20	1225794	0.052788	5.294922
chr20	1226018	1.725861	5.294934
chr20	1226019	3.195153	5.294936
chr20	1226251	0.033793	5.295677
chr20	1226782	0.033759	5.295695
chr20	1227041	0.033678	5.295704
chr20	1227243	0.031244	5.295711
chr20	1227245	0.029252	5.295711
chr20	1228093	0.028368	5.295735
chr20	1228369	0.027662	5.295743
chr20	1230185	0.027662	5.295794
chr20	1231418	0.027635	5.295828
chr20	1231683	0.027579	5.295835
chr20	1232032	0.027573	5.295845
chr20	1232364	0.027552	5.295854
chr20	1233431	0.027552	5.295883
chr20	1233837	0.027552	5.295894
chr20	1233893	0.027552	5.295896
chr20	1234243	0.027552	5.295906
chr20	1234390	0.027552	5.295910
chr20	1234735	0.027543	5.295919
chr20	1241287	0.028407	5.296100
chr20	1243052	0.028479	5.296150
chr20	1246412	0.272239	5.296245
chr20	1248286	0.801683	5.296756
chr20	1249698	0.801683	5.297888
chr20	1250463	0.836586	5.298501
chr20	1252492	0.900163	5.300198
chr20	1252595	0.907978	5.300291
chr20	1253714	0.644816	5.301307
chr20	1255478	0.644703	5.302444
chr20	1256786	0.644703	5.303288
chr20	1256894	0.645013	5.303357
chr20	1256910	0.599685	5.303368
chr20	1257960	11.120598	5.303997
chr20	1258306	11.120615	5.307845
chr20	1260568	28.514402	5.333000
chr20	1261152	32.673354	5.349652
chr20	1261869	32.800597	5.373079
chr20	1261930	32.806933	5.375080
chr20	1262419	32.229153	5.391123
chr20	1263891	32.229153	5.438564
chr20	1263948	22.546582	5.440401
chr20	1264026	0.384923	5.442160
chr20	1264662	0.381825	5.442404
chr20	1265077	0.380759	5.442563
chr20	1265152	0.380591	5.442591
chr20	1266403	0.378928	5.443067
chr20	1267130	0.380589	5.443343
chr20	1268250	0.371691	5.443769
chr20	1268462	0.371674	5.443848
chr20	1269588	0.341864	5.444266
chr20	1270094	0.332884	5.444439
chr20	1270205	0.326054	5.444476
chr20	1271545	0.351619	5.444913
chr20	1271726	0.354978	5.444977
chr20	1271830	0.418627	5.445014
chr20	1271886	0.496507	5.445037
chr20	1272219	0.580791	5.445203
chr20	1272405	0.685778	5.445311
chr20	1272532	0.752618	5.445398
chr20	1272686	0.882332	5.445514
chr20	1272734	0.895146	5.445556
chr20	1273270	1.244617	5.446036
chr20	1273711	3.181980	5.446585
chr20	1274231	0.877217	5.448239
chr20	1275999	0.873940	5.449790
chr20	1277099	0.843096	5.450752
chr20	1277157	0.810989	5.450801
chr20	1278770	0.799810	5.452109
chr20	1279336	0.820610	5.452561
chr20	1280320	0.822752	5.453369
chr20	1280925	0.829999	5.453867
chr20	1280995	0.837644	5.453925
chr20	1281004	0.841996	5.453932
chr20	1281685	0.854201	5.454506
chr20	1281906	0.796212	5.454694
chr20	1282016	0.824875	5.454782
chr20	1283523	0.833338	5.456025
chr20	1284273	0.831919	5.456650
chr20	1285196	0.832189	5.457418
chr20	1285933	0.836010	5.458031
chr20	1287051	0.837952	5.458966
chr20	1287105	0.839742	5.459011
chr20	1287251	0.843298	5.459134
chr20	1288223	0.867419	5.459953
chr20	1289337	1.317580	5.460920
chr20	1289585	1.316068	5.461247
chr20	1290151	2.154222	5.461991
chr20	1290699	2.970949	5.463172
chr20	1291018	5.544082	5.464120
chr20	1291739	5.544062	5.468117
chr20	1291778	5.573834	5.468333
chr20	1291826	5.601575	5.468601
chr20	1291928	5.617172	5.469172
chr20	1292108	5.617882	5.470183
chr20	1292369	5.615656	5.471649
chr20	1292449	5.612829	5.472099
chr20	1292845	5.608148	5.474321
chr20	1292989	5.608148	5.475129
chr20	1293008	5.604348	5.475235
chr20	1293046	5.596165	5.475448
chr20	1293247	5.495673	5.476573
chr20	1293536	4.764433	5.478162
chr20	1294431	4.726645	5.482426
chr20	1295538	4.203957	5.487658
chr20	1295639	3.921663	5.488083
chr20	1295720	3.749179	5.488400
chr20	1295722	3.575807	5.488408
chr20	1295889	3.057706	5.489005
chr20	1296044	2.887234	5.489479
chr20	1296811	2.842416	5.491693
chr20	1296833	2.922335	5.491756
chr20	1297516	10.113076	5.493752
chr20	1298227	13.670981	5.500942
chr20	1298257	14.917208	5.501352
chr20	1298329	15.015248	5.502427
chr20	1298397	15.070721	5.503448
chr20	1298794	15.070721	5.509431
chr20	1299968	6.616692	5.527124
chr20	1300433	3.578829	5.530200
chr20	1300456	0.906422	5.530283
chr20	1301598	0.915921	5.531318
chr20	1302727	1.394269	5.532352
chr20	1303953	1.613101	5.534061
chr20	1304120	1.975482	5.534331
chr20	1305272	1.751128	5.536606
chr20	1305773	0.850163	5.537484
chr20	1306270	0.685281	5.537906
chr20	1306292	0.503469	5.537921
chr20	1307888	0.454401	5.538725
chr20	1310688	0.428006	5.539997
chr20	1311268	0.399129	5.540245
chr20	1311471	0.378262	5.540326
chr20	1311981	0.362251	5.540519
chr20	1312139	0.348273	5.540577
chr20	1312559	0.343843	5.540723
chr20	1313762	0.349158	5.541137
chr20	1313936	0.361569	5.541197
chr20	1313944	0.366897	5.541200
chr20	1313993	0.366901	5.541218
chr20	1314055	0.389402	5.541241
chr20	1314265	0.427702	5.541323
chr20	1315992	0.629112	5.542061
chr20	1317477	0.738686	5.542996
chr20	1317781	0.664365	5.543220
chr20	1317816	0.587471	5.543243
chr20	1318196	0.579126	5.543467
chr20	1318214	0.569065	5.543477
chr20	1318261	0.561670	5.543504
chr20	1318471	0.561672	5.543622
chr20	1319293	0.561703	5.544083
chr20	1319743	0.526461	5.544336
chr20	1322244	0.756510	5.545653
chr20	1322420	0.819347	5.545786
chr20	1322472	0.859104	5.545829
chr20	1322626	0.773598	5.545961
chr20	1323192	0.573319	5.546399
chr20	1323934	0.571696	5.546824
chr20	1323935	0.575940	5.546825
chr20	1325687	1.768225	5.547834
chr20	1325720	2.663176	5.547892
chr20	1325896	2.858777	5.548361
chr20	1326001	2.987050	5.548661
chr20	1326413	3.091989	5.549892
chr20	1328230	2.082276	5.555510
chr20	1330909	1.879145	5.561088
chr20	1331699	1.707336	5.562573
chr20	1331762	1.562399	5.562680
chr20	1331775	1.423544	5.562701
chr20	1332254	1.352370	5.563383
chr20	1334602	2.606763	5.566558
chr20	1334745	4.426776	5.566931
chr20	1334922	2.592626	5.567714
chr20	1335023	1.344806	5.567976
chr20	1335187	1.023097	5.568197
chr20	1335663	0.912545	5.568684
chr20	1335791	0.902612	5.568800
chr20	1335865	0.774535	5.568867
chr20	1336113	0.764497	5.569059
chr20	1336654	0.743347	5.569473
chr20	1337254	0.743181	5.569919
chr20	1337967	0.756240	5.570449
chr20	1338437	0.791161	5.570804
chr20	1338903	1.414295	5.571173
chr20	1339076	2.710334	5.571418
chr20	1339655	3.599235	5.572987
chr20	1339758	3.707179	5.573358
chr20	1340390	3.714515	5.575701
chr20	1340945	2.543004	5.577762
chr20	1340965	1.209071	5.577813
chr20	1341197	1.203533	5.578093
chr20	1342026	1.199726	5.579091
chr20	1342187	1.197883	5.579284
chr20	1342533	1.223163	5.579699
chr20	1342644	1.238883	5.579835
chr20	1343807	1.292600	5.581275
chr20	1344374	1.293225	5.582008
chr20	1344775	1.290262	5.582527
chr20	1344974	1.283188	5.582784
chr20	1346162	1.277613	5.584308
chr20	1346236	1.271588	5.584403
chr20	1346381	1.260397	5.584587
chr20	1346596	1.244687	5.584858
chr20	1347968	1.240083	5.586566
chr20	1347998	1.235408	5.586603
chr20	1348426	1.226831	5.587132
chr20	1348542	1.220166	5.587274
chr20	1349052	1.219461	5.587896
chr20	1349326	1.213009	5.588230
chr20	1350672	1.209781	5.589863
chr20	1350709	1.205431	5.589908
chr20	1352322	1.004131	5.591852
chr20	1353731	0.996981	5.593267
chr20	1354410	0.810302	5.593944
chr20	1354483	0.644854	5.594003
chr20	1355044	0.264298	5.594365
chr20	1357185	0.265206	5.594931
chr20	1357852	0.279202	5.595108
chr20	1358126	0.280042	5.595184
chr20	1358272	0.297615	5.595225
chr20	1359238	0.298187	5.595513
chr20	1359352	0.315083	5.595547
chr20	1359688	0.315797	5.595652
chr20	1360324	0.316505	5.595853
chr20	1360478	0.407922	5.595902
chr20	1361020	0.473250	5.596123
chr20	1362406	0.484149	5.596779
chr20	1362590	0.485591	5.596868
chr20	1362849	0.486687	5.596994
chr20	1363034	0.485463	5.597084
chr20	1363295	0.484141	5.597211
chr20	1363527	0.483960	5.597323
chr20	1364154	0.484870	5.597626
chr20	1364521	0.488015	5.597804
chr20	1364598	0.493269	5.597842
chr20	1365530	0.504558	5.598302
chr20	1367375	0.581232	5.599233
chr20	1367535	0.586237	5.599326
chr20	1368127	0.623042	5.599673
chr20	1368389	0.705308	5.599836
chr20	1369198	0.996291	5.600406
chr20	1369430	0.997983	5.600638
chr20	1369825	0.945178	5.601032
chr20	1369954	0.836069	5.601154
chr20	1370252	0.654289	5.601403
chr20	1371697	0.591043	5.602348
chr20	1374364	0.575546	5.603925
chr20	1376444	0.410952	5.605122
chr20	1376611	0.287707	5.605190
chr20	1377937	0.290386	5.605572
chr20	1380901	0.389436	5.606433
chr20	1381196	0.711394	5.606547
chr20	1381564	0.867218	5.606809
chr20	1382500	1.016797	5.607621
chr20	1382825	1.028177	5.607951
chr20	1383173	1.053095	5.608309
chr20	1383325	2.043674	5.608469
chr20	1383729	0.903321	5.609295
chr20	1383965	0.689421	5.609508
chr20	1384215	0.679620	5.609680
chr20	1384298	0.676372	5.609737
chr20	1384338	0.674469	5.609764
chr20	1384427	0.681836	5.609824
chr20	1384658	0.682197	5.609981
chr20	1385067	17.541206	5.610260
chr20	1385863	17.558390	5.624223
chr20	1386295	12.053198	5.631809
chr20	1386395	11.980801	5.633014
chr20	1386473	1.677015	5.633948
chr20	1386940	1.234180	5.634732
chr20	1387039	1.159759	5.634854
chr20	1387340	0.038616	5.635203
chr20	1387366	0.037603	5.635204
chr20	1387621	0.034445	5.635213
chr20	1387658	0.034180	5.635215
chr20	1387687	0.034097	5.635216
chr20	1387918	0.034058	5.635224
chr20	1387950	0.034033	5.635225
chr20	1388068	0.034023	5.635229
chr20	1388170	0.033969	5.635232
chr20	1388219	0.033984	5.635234
chr20	1388312	0.033972	5.635237
chr20	1388425	0.033951	5.635241
chr20	1388576	0.034033	5.635246
chr20	1389097	0.513051	5.635264
chr20	1389134	1.538564	5.635283
chr20	1389425	0.031833	5.635730
chr20	1389773	0.031833	5.635741
chr20	1390579	0.032878	5.635767
chr20	1391334	0.032871	5.635792
chr20	1391391	2.428245	5.635794
chr20	1391436	3.834705	5.635903
chr20	1391585	0.026575	5.636474
chr20	1391958	0.031478	5.636484
chr20	1392087	0.045885	5.636488
chr20	1392373	0.082244	5.636501
chr20	1392603	0.128186	5.636520
chr20	1392955	0.304114	5.636566
chr20	1393279	0.157317	5.636664
chr20	1393671	0.163331	5.636726
chr20	1393861	1.216116	5.636757
chr20	1394560	0.151568	5.637607
chr20	1394917	0.151000	5.637661
chr20	1395107	0.152822	5.637690
chr20	1395547	0.153187	5.637757
chr20	1395780	0.457863	5.637793
chr20	1395793	0.781451	5.637799
chr20	1395993	1.447629	5.637955
chr20	1396556	1.433637	5.638770
chr20	1396653	0.686482	5.638909
chr20	1397122	0.548501	5.639231
chr20	1397410	0.207515	5.639389
chr20	1397439	0.015228	5.639395
chr20	1397731	0.014991	5.639399
chr20	1397898	0.014989	5.639402
chr20	1397928	0.015020	5.639402
chr20	1399251	0.026598	5.639422
chr20	1399359	0.040996	5.639425
chr20	1399937	0.087110	5.639449
chr20	1399985	0.087110	5.639453
chr20	1400227	0.153270	5.639474
chr20	1400324	0.520938	5.639489
chr20	1400673	0.071618	5.639671
chr20	1401261	0.071660	5.639713
chr20	1401732	0.072283	5.639746
chr20	1402161	0.074164	5.639777
chr20	1402213	0.075567	5.639781
chr20	1402295	0.077323	5.639788
chr20	1403686	0.093169	5.639895
chr20	1403922	0.107602	5.639917
chr20	1404371	0.131285	5.639965
chr20	1406136	0.190319	5.640197
chr20	1406175	0.279243	5.640205
chr20	1406212	0.357985	5.640215
chr20	1406877	0.360149	5.640453
chr20	1407404	0.359106	5.640643
chr20	1407929	0.360913	5.640831
chr20	1408490	0.364618	5.641034
chr20	1409435	0.365108	5.641378
chr20	1409567	0.365831	5.641426
chr20	1409757	2.242964	5.641496
chr20	1410480	2.306433	5.643118
chr20	1410582	3.180006	5.643353
chr20	1410818	0.376910	5.644103
chr20	1413092	0.062193	5.644960
chr20	1414652	0.053836	5.645057
chr20	1415177	0.053583	5.645086
chr20	1415263	0.053607	5.645090
chr20	1415305	0.053786	5.645093
chr20	1415398	0.054376	5.645098
chr20	1416066	0.063364	5.645134
chr20	1416182	0.083061	5.645141
chr20	1416521	0.380847	5.645169
chr20	1416737	0.506348	5.645252
chr20	1419199	0.191899	5.646498
chr20	1419294	0.036286	5.646517
chr20	1419526	0.023530	5.646525
chr20	1419846	0.023515	5.646533
chr20	1420336	0.023509	5.646544
chr20	1420757	0.023509	5.646554
chr20	1421054	0.023588	5.646561
chr20	1421932	0.030595	5.646582
chr20	1422265	0.030595	5.646592
chr20	1422801	0.445132	5.646608
chr20	1423533	0.077574	5.646934
chr20	1423848	0.028146	5.646958
chr20	1423909	0.008727	5.646960
chr20	1424303	0.008312	5.646964
chr20	1425078	0.008510	5.646970
chr20	1426393	0.015570	5.646981
chr20	1426685	0.022935	5.646986
chr20	1426861	0.029230	5.646990
chr20	1428497	0.363823	5.647038
chr20	1428567	1.267807	5.647063
chr20	1429135	0.037990	5.647783
chr20	1430204	1.311356	5.647824
chr20	1430550	0.098749	5.648278
chr20	1434368	0.113490	5.648655
chr20	1434555	0.125249	5.648676
chr20	1434888	0.125250	5.648718
chr20	1435905	0.125250	5.648845
chr20	1437148	0.126669	5.649001
chr20	1438230	0.125654	5.649138
chr20	1441741	0.274141	5.649579
chr20	1441841	0.357829	5.649606
chr20	1442052	0.455508	5.649682
chr20	1442790	0.465130	5.650018
chr20	1442921	0.908723	5.650079
chr20	1445772	1.582510	5.652670
chr20	1445821	4.134301	5.652747
chr20	1449495	1.768173	5.667937
chr20	1453039	1.176294	5.674203
chr20	1453457	0.742352	5.674695
chr20	1453512	0.440965	5.674736
chr20	1455810	0.441081	5.675749
chr20	1456079	0.445393	5.675868
chr20	1456141	0.445312	5.675895
chr20	1456929	0.445634	5.676246
chr20	1457573	0.446427	5.676533
chr20	1458876	0.460865	5.677115
chr20	1459060	0.464024	5.677200
chr20	1461415	1.154971	5.678292
chr20	1462151	3.450842	5.679142
chr20	1462889	3.182725	5.681689
chr20	1463027	1.837224	5.682128
chr20	1463344	0.693389	5.682711
chr20	1465597	0.205803	5.684273
chr20	1466646	0.148291	5.684489
chr20	1467917	0.146062	5.684677
chr20	1468516	0.099882	5.684765
chr20	1469390	0.099879	5.684852
chr20	1469960	0.082759	5.684909
chr20	1470343	0.139776	5.684941
chr20	1470518	0.185886	5.684965
chr20	1470665	0.312403	5.684992
chr20	1470881	0.919024	5.685060
chr20	1471420	2.288629	5.685555
chr20	1471610	2.324304	5.685990
chr20	1471714	2.338638	5.686232
chr20	1471903	2.344993	5.686674
chr20	1472117	2.339633	5.687176
chr20	1472296	2.342278	5.687594
chr20	1472408	0.931487	5.687857
chr20	1472720	0.795475	5.688147
chr20	1472779	0.509153	5.688194
chr20	1472818	0.123009	5.688214
chr20	1473160	0.051453	5.688256
chr20	1473397	0.038417	5.688268
chr20	1473605	0.035738	5.688276
chr20	1473630	0.034265	5.688277
chr20	1474132	0.034256	5.688295
chr20	1474405	0.034259	5.688304
chr20	1474481	0.034185	5.688307
chr20	1474763	0.034188	5.688316
chr20	1474950	0.034158	5.688323
chr20	1475139	0.034164	5.688329
chr20	1475145	0.034164	5.688329
chr20	1475619	0.034151	5.688345
chr20	1475635	0.034176	5.688346
chr20	1476590	0.034192	5.688379
chr20	1476712	0.034186	5.688383
chr20	1477743	0.034181	5.688418
chr20	1478429	0.034307	5.688441
chr20	1480341	1.090017	5.688507
chr20	1481050	6.889438	5.689280
chr20	1481228	6.131705	5.690506
chr20	1481371	1.301766	5.691383
chr20	1482165	0.826578	5.692417
chr20	1482307	0.720631	5.692534
chr20	1483167	0.202492	5.693154
chr20	1483640	0.177429	5.693250
chr20	1483926	0.169841	5.693300
chr20	1484361	0.167425	5.693374
chr20	1484382	0.165086	5.693378
chr20	1485256	0.165663	5.693522
chr20	1485337	0.166148	5.693535
chr20	1485416	0.167053	5.693549
chr20	1485913	0.166684	5.693632
chr20	1486202	0.166453	5.693680
chr20	1486637	0.165826	5.693752
chr20	1486722	0.164876	5.693766
chr20	1486804	0.164386	5.693780
chr20	1487758	8.871158	5.693937
chr20	1487850	8.874050	5.694753
chr20	1488181	35.303223	5.697690
chr20	1488653	35.315864	5.714353
chr20	1489630	8.882029	5.748857
chr20	1490028	7.958202	5.752392
chr20	1490152	0.413821	5.753379
chr20	1490857	0.296811	5.753670
chr20	1492070	0.273409	5.754030
chr20	1492420	0.255326	5.754126
chr20	1493197	0.255326	5.754324
chr20	1493263	0.251653	5.754341
chr20	1494464	0.563219	5.754644
chr20	1494492	0.562670	5.754659
chr20	1495235	0.562756	5.755077
chr20	1495665	0.667601	5.755319
chr20	1496279	2.249618	5.755729
chr20	1496473	2.415342	5.756166
chr20	1497197	2.400828	5.757914
chr20	1497450	2.250750	5.758522
chr20	1497623	1.528174	5.758911
chr20	1497792	0.845612	5.759169
chr20	1497804	0.322568	5.759180
chr20	1497913	0.312800	5.759215
chr20	1498212	0.325701	5.759308
chr20	1498275	0.350288	5.759329
chr20	1498363	0.393787	5.759360
chr20	1498614	0.431384	5.759458
chr20	1498697	0.431384	5.759494
chr20	1499127	0.431384	5.759680
chr20	1499415	0.079378	5.759804
chr20	1499723	0.013938	5.759828
chr20	1499921	0.007049	5.759831
chr20	1500175	0.006637	5.759833
chr20	1500404	0.006530	5.759835
chr20	1500506	0.006530	5.759835
chr20	1501211	0.006529	5.759840
chr20	1501235	0.006529	5.759840
chr20	1501393	0.006529	5.759841
chr20	1501650	0.006537	5.759843
chr20	1502048	0.006537	5.759845
chr20	1502492	0.006534	5.759848
chr20	1502649	0.006534	5.759849
chr20	1502815	0.006536	5.759850
chr20	1503297	0.006563	5.759853
chr20	1504992	0.918551	5.759865
chr20	1506768	1.086970	5.761496
chr20	1508141	0.880590	5.762988
chr20	1508335	0.454734	5.763159
chr20	1510950	0.455839	5.764348
chr20	1512273	0.509635	5.764951
chr20	1512623	0.508930	5.765130
chr20	1513443	0.639763	5.765547
chr20	1513842	0.741341	5.765802
chr20	1516617	0.748258	5.767860
chr20	1516906	0.738685	5.768076
chr20	1517301	0.756261	5.768368
chr20	1517979	0.937251	5.768880
chr20	1518100	1.127047	5.768994
chr20	1518155	1.219418	5.769056
chr20	1518309	1.161887	5.769243
chr20	1518384	1.084548	5.769331
chr20	1518412	0.986632	5.769361
chr20	1519511	0.327897	5.770445
chr20	1520042	0.061404	5.770619
chr20	1520883	0.035020	5.770671
chr20	1528038	0.035059	5.770922
chr20	1529253	0.035059	5.770964
chr20	1529499	0.035076	5.770973
chr20	1530150	0.035076	5.770996
chr20	1530197	0.035152	5.770997
chr20	1532595	0.035900	5.771082
chr20	1532787	0.036747	5.771089
chr20	1533205	0.036744	5.771104
chr20	1533818	0.037851	5.771126
chr20	1534474	0.039541	5.771151
chr20	1534508	0.041643	5.771153
chr20	1535030	0.041643	5.771174
chr20	1536360	0.042509	5.771230
chr20	1536396	0.043908	5.771231
chr20	1538249	0.374089	5.771313
chr20	1538266	0.726727	5.771319
chr20	1538870	1.536856	5.771758
chr20	1539019	1.649583	5.771987
chr20	1539165	1.755308	5.772228
chr20	1539331	1.618001	5.772519
chr20	1539350	1.498195	5.772550
chr20	1539420	1.354011	5.772655
chr20	1539444	1.207190	5.772687
chr20	1539689	1.282790	5.772983
chr20	1540237	0.715922	5.773686
chr20	1540433	0.746070	5.773826
chr20	1540783	0.742235	5.774087
chr20	1541295	0.554378	5.774467
chr20	1541301	0.358456	5.774471
chr20	1541969	0.359776	5.774710
chr20	1542232	0.361248	5.774805
chr20	1542954	0.471361	5.775066
chr20	1542979	0.471411	5.775077
chr20	1542987	0.475959	5.775081
chr20	1543066	0.613339	5.775119
chr20	1543409	0.633721	5.775329
chr20	1544843	1.880471	5.776238
chr20	1545468	1.882909	5.777413
chr20	1545617	1.827252	5.777694
chr20	1545635	1.732795	5.777727
chr20	1545857	1.311358	5.778111
chr20	1546207	0.593411	5.778570
chr20	1546450	0.491042	5.778715
chr20	1546911	0.473254	5.778941
chr20	1549402	0.299345	5.780120
chr20	1551097	0.307611	5.780627
chr20	1552430	0.366035	5.781037
chr20	1552457	0.422995	5.781047
chr20	1556758	0.431153	5.782866
chr20	1557954	0.431141	5.783382
chr20	1559259	0.431141	5.783945
chr20	1561932	0.431621	5.785097
chr20	1562043	0.377019	5.785145
chr20	1562047	0.296543	5.785147
chr20	1572408	0.226764	5.788219
chr20	1576649	0.226695	5.789181
chr20	1576714	0.226655	5.789195
chr20	1582388	0.226654	5.790482
chr20	1585060	0.154178	5.791087
chr20	1585838	0.115410	5.791207
chr20	1592489	0.133229	5.791975
chr20	1593487	0.566742	5.792108
chr20	1596963	0.592307	5.794078
chr20	1597228	0.602102	5.794235
chr20	1599142	0.608099	5.795387
chr20	1600524	0.610296	5.796227
chr20	1600794	0.612547	5.796392
chr20	1600925	0.614387	5.796472
chr20	1601167	0.616882	5.796621
chr20	1602051	0.618088	5.797166
chr20	1602206	0.623665	5.797262
chr20	1602704	0.633077	5.797573
chr20	1602956	0.633221	5.797732
chr20	1603143	0.642754	5.797851
chr20	1604071	0.659367	5.798447
chr20	1605165	0.804640	5.799169
chr20	1608014	1.030417	5.801461
chr20	1608108	5.160511	5.801558
chr20	1608210	10.279145	5.802084
chr20	1609014	29.279517	5.810349
chr20	1609256	29.279517	5.817434
chr20	1609262	29.373998	5.817610
chr20	1609355	29.373998	5.820342
chr20	1609495	29.373998	5.824454
chr20	1609640	29.373998	5.828713
chr20	1609952	29.373998	5.837878
chr20	1610201	17.732098	5.845192
chr20	1610551	10.305965	5.851398
chr20	1610790	3.176103	5.853862
chr20	1610812	1.065183	5.853931
chr20	1610894	1.063923	5.854019
chr20	1610939	1.062965	5.854067
chr20	1612072	0.648654	5.855271
chr20	1612491	0.513770	5.855543
chr20	1612700	0.480693	5.855650
chr20	1612819	0.468384	5.855707
chr20	1613011	0.464460	5.855797
chr20	1613956	1.786811	5.856236
chr20	1614288	2.428320	5.856829
chr20	1615228	2.629778	5.859112
chr20	1615308	2.935467	5.859322
chr20	1615959	2.795441	5.861233
chr20	1616118	2.795441	5.861678
chr20	1616137	2.584860	5.861731
chr20	1616206	2.359659	5.861909
chr20	1617069	2.346639	5.863946
chr20	1617592	2.345916	5.865173
chr20	1617913	1.327422	5.865926
chr20	1618752	0.465409	5.867040
chr20	1621686	0.467107	5.868405
chr20	1623032	0.573495	5.869034
chr20	1623870	0.453747	5.869515
chr20	1624766	0.457963	5.869921
chr20	1625156	0.397192	5.870100
chr20	1626407	0.514866	5.870597
chr20	1626843	0.167354	5.870821
chr20	1628396	0.164779	5.871081
chr20	1628853	0.164719	5.871156
chr20	1630601	0.165246	5.871444
chr20	1630823	0.164963	5.871481
chr20	1630860	0.164970	5.871487
chr20	1631346	0.165697	5.871567
chr20	1631663	0.167762	5.871620
chr20	1631716	0.168980	5.871629
chr20	1632271	0.169871	5.871722
chr20	1633018	0.174208	5.871849
chr20	1633768	0.179353	5.871980
chr20	1635596	0.188675	5.872308
chr20	1636944	0.416973	5.872562
chr20	1637879	0.267744	5.872952
chr20	1638578	0.259494	5.873139
chr20	1639169	0.261805	5.873293
chr20	1640019	0.257842	5.873515
chr20	1640267	0.311149	5.873579
chr20	1640322	0.397601	5.873596
chr20	1641146	0.241850	5.873924
chr20	1642302	0.441022	5.874203
chr20	1642861	0.475774	5.874450
chr20	1643108	0.475848	5.874567
chr20	1644269	0.398740	5.875120
chr20	1644290	0.398768	5.875128
chr20	1644291	0.324659	5.875129
chr20	1644304	0.248315	5.875133
chr20	1645502	0.247900	5.875430
chr20	1645830	0.275903	5.875512
chr20	1647216	0.276096	5.875894
chr20	1647443	0.223883	5.875957
chr20	1647702	0.200653	5.876015
chr20	1648606	0.194675	5.876196
chr20	1649772	0.194480	5.876423
chr20	1650040	0.193727	5.876475
chr20	1650577	0.193654	5.876579
chr20	1651420	0.193928	5.876742
chr20	1651602	0.197128	5.876778
chr20	1651660	0.200671	5.876789
chr20	1651788	0.205904	5.876815
chr20	1651969	0.214976	5.876852
chr20	1652560	2.843184	5.876979
chr20	1652664	11.523872	5.877275
chr20	1653863	11.523544	5.891092
chr20	1653936	11.523544	5.891933
chr20	1654995	0.322077	5.904137
chr20	1656733	0.061288	5.904696
chr20	1656854	0.005952	5.904704
chr20	1657107	0.005699	5.904705
chr20	1657500	0.005696	5.904708
chr20	1657529	0.005688	5.904708
chr20	1658211	0.005688	5.904712
chr20	1658258	0.005688	5.904712
chr20	1658436	0.005688	5.904713
chr20	1658909	0.005686	5.904716
chr20	1659171	0.005687	5.904717
chr20	1659461	0.005687	5.904719
chr20	1659728	0.005688	5.904720
chr20	1659992	0.005767	5.904722
chr20	1660040	0.006050	5.904722
chr20	1660075	0.006050	5.904722
chr20	1660099	0.006073	5.904722
chr20	1660157	0.006189	5.904723
chr20	1660689	6.398294	5.904726
chr20	1660799	0.019237	5.905430
chr20	1661245	0.019277	5.905438
chr20	1661991	0.019487	5.905453
chr20	1662750	0.027523	5.905468
chr20	1662809	0.056623	5.905469
chr20	1662871	14.960284	5.905473
chr20	1662909	0.258326	5.906041
chr20	1662999	0.355760	5.906064
chr20	1663066	0.429748	5.906088
chr20	1663539	0.449490	5.906292
chr20	1663561	0.468572	5.906301
chr20	1664840	0.539473	5.906901
chr20	1665151	0.543143	5.907069
chr20	1665172	0.549140	5.907080
chr20	1665474	0.556555	5.907246
chr20	1666106	7.451347	5.907598
chr20	1666253	2.803073	5.908693
chr20	1666617	0.168643	5.909713
chr20	1666989	0.168255	5.909776
chr20	1668114	0.133346	5.909965
chr20	1673807	0.133300	5.910724
chr20	1674490	0.133304	5.910815
chr20	1675292	0.133070	5.910922
chr20	1676065	0.132732	5.911025
chr20	1676943	0.132735	5.911142
chr20	1678188	0.132865	5.911307
chr20	1678637	0.132484	5.911367
chr20	1679289	0.133781	5.911453
chr20	1679534	0.163272	5.911486
chr20	1679805	3.807217	5.911530
chr20	1681537	3.695563	5.918124
chr20	1681609	3.564267	5.918390
chr20	1681670	3.464629	5.918608
chr20	1681929	3.361564	5.919505
chr20	1682037	0.253869	5.919868
chr20	1682292	0.252775	5.919933
chr20	1682526	0.038166	5.919992
chr20	1683044	0.037129	5.920012
chr20	1683129	0.036088	5.920015
chr20	1683342	0.036052	5.920023
chr20	1683479	0.036046	5.920027
chr20	1684064	0.036130	5.920049
chr20	1684221	0.036155	5.920054
chr20	1684392	0.036155	5.920060
chr20	1684486	0.082764	5.920064
chr20	1684528	0.192914	5.920067
chr20	1684613	0.392228	5.920084
chr20	1684652	0.564413	5.920099
chr20	1685140	0.563856	5.920374
chr20	1685472	0.564636	5.920562
chr20	1685500	0.565900	5.920577
chr20	1685647	1.313898	5.920661
chr20	1686429	1.546277	5.921688
chr20	1687068	1.546067	5.922676
chr20	1687149	0.541715	5.922801
chr20	1687428	0.541715	5.922953
chr20	1687450	0.541512	5.922964
chr20	1687468	0.538539	5.922974
chr20	1687538	0.536881	5.923012
chr20	1687555	0.533542	5.923021
chr20	1687567	0.531424	5.923027
chr20	1688456	0.529730	5.923500
chr20	1688813	0.529729	5.923689
chr20	1688844	0.528554	5.923705
chr20	1688958	0.528251	5.923766
chr20	1689119	0.527358	5.923851
chr20	1689231	0.526329	5.923910
chr20	1689270	0.525188	5.923930
chr20	1689461	0.523719	5.924031
chr20	1689557	0.522085	5.924081
chr20	1689621	0.521081	5.924114
chr20	1689898	0.520360	5.924259
chr20	1690130	0.520464	5.924379
chr20	1690191	0.520926	5.924411
chr20	1690659	0.520553	5.924655
chr20	1691189	0.520014	5.924931
chr20	1691385	0.519851	5.925033
chr20	1691472	0.519002	5.925078
chr20	1691633	0.517677	5.925161
chr20	1692285	0.501202	5.925499
chr20	1692952	0.172636	5.925833
chr20	1693134	0.065914	5.925865
chr20	1693192	0.014091	5.925869
chr20	1693713	0.013551	5.925876
chr20	1694669	0.013409	5.925889
chr20	1695155	0.013453	5.925895
chr20	1695343	3.539653	5.925898
chr20	1695945	0.030641	5.928029
chr20	1696585	0.030649	5.928048
chr20	1699771	1.098588	5.928146
chr20	1700579	0.273724	5.929034
chr20	1701020	0.282509	5.929154
chr20	1701046	0.292052	5.929162
chr20	1701121	0.284996	5.929184
chr20	1701515	0.286289	5.929296
chr20	1701658	0.284824	5.929337
chr20	1701668	0.283690	5.929340
chr20	1702240	0.283767	5.929502
chr20	1702419	0.283963	5.929553
chr20	1702655	0.284344	5.929620
chr20	1702792	0.284420	5.929659
chr20	1703071	0.310052	5.929738
chr20	1703187	1.138041	5.929774
chr20	1703438	1.138071	5.930060
chr20	1703612	1.138148	5.930258
chr20	1703838	0.643287	5.930515
chr20	1703919	0.331923	5.930567
chr20	1704114	0.269948	5.930632
chr20	1704837	0.269965	5.930827
chr20	1704868	0.270097	5.930835
chr20	1704960	0.270097	5.930860
chr20	1705437	0.270278	5.930989
chr20	1705474	0.270319	5.930999
chr20	1705653	0.270265	5.931047
chr20	1707027	0.270297	5.931419
chr20	1707841	0.270309	5.931639
chr20	1708058	0.267802	5.931697
chr20	1708363	0.255587	5.931779
chr20	1709098	0.668108	5.931967
chr20	1709674	1.480561	5.932352
chr20	1710272	0.158064	5.933237
chr20	1714362	2.587414	5.933884
chr20	1715448	6.225203	5.936694
chr20	1716662	6.208702	5.944251
chr20	1717028	3.749226	5.946523
chr20	1717081	2.092479	5.946722
chr20	1719800	2.092743	5.952412
chr20	1721250	2.208106	5.955446
chr20	1721450	17.160497	5.955888
chr20	1721987	17.146900	5.965103
chr20	1722094	17.079512	5.966938
chr20	1722457	0.400556	5.973137
chr20	1725798	1.254211	5.974476
chr20	1726256	0.137807	5.975050
chr20	1726903	0.093196	5.975139
chr20	1726963	0.062636	5.975145
chr20	1727927	0.215666	5.975205
chr20	1727964	0.478220	5.975213
chr20	1728212	0.812726	5.975332
chr20	1728389	1.353641	5.975476
chr20	1728464	1.379147	5.975577
chr20	1728482	1.377949	5.975602
chr20	1728718	1.409194	5.975927
chr20	1728893	1.189485	5.976174
chr20	1729540	1.134083	5.976943
chr20	1729574	1.591275	5.976982
chr20	1729593	2.336748	5.977012
chr20	1729960	0.474992	5.977870
chr20	1730226	0.159791	5.977996
chr20	1739118	0.193602	5.979417
chr20	1740443	0.198863	5.979674
chr20	1741300	0.197003	5.979844
chr20	1748126	1.229165	5.981189
chr20	1748754	1.202991	5.981961
chr20	1749012	0.164787	5.982271
chr20	1749990	0.142391	5.982432
chr20	1751411	0.142414	5.982634
chr20	1751594	0.139517	5.982661
chr20	1752875	0.139376	5.982839
chr20	1753882	1.203025	5.982980
chr20	1753919	1.493297	5.983024
chr20	1753922	1.807995	5.983029
chr20	1753993	2.104644	5.983157
chr20	1754969	13.403232	5.985211
chr20	1756721	13.475321	6.008694
chr20	1758100	13.463254	6.027276
chr20	1758965	8.785138	6.038922
chr20	1759115	3.380682	6.040240
chr20	1759590	3.217350	6.041845
chr20	1759791	3.085710	6.042492
chr20	1760811	3.322989	6.045639
chr20	1762037	3.316230	6.049713
chr20	1762284	3.224129	6.050533
chr20	1762433	2.222089	6.051013
chr20	1763536	1.092861	6.053464
chr20	1767286	0.641871	6.057562
chr20	1767297	0.625390	6.057569
chr20	1767896	0.585752	6.057944
chr20	1768696	0.584495	6.058412
chr20	1769271	0.586598	6.058749
chr20	1770039	0.589990	6.059199
chr20	1770053	0.623660	6.059207
chr20	1770607	1.631901	6.059553
chr20	1771007	1.636280	6.060206
chr20	1771233	1.842753	6.060575
chr20	1771284	1.873161	6.060669
chr20	1771630	1.880486	6.061317
chr20	1775799	5.668614	6.069157
chr20	1776193	5.661733	6.071391
chr20	1778340	5.592616	6.083546
chr20	1779417	5.547822	6.089570
chr20	1779768	5.478784	6.091517
chr20	1781754	5.494268	6.102398
chr20	1782667	5.368472	6.107414
chr20	1784590	4.114327	6.117738
chr20	1784980	1.921801	6.119342
chr20	1786726	1.753884	6.122698
chr20	1787427	1.645534	6.123927
chr20	1789409	1.635484	6.127189
chr20	1789798	1.775934	6.127825
chr20	1789827	1.941506	6.127876
chr20	1790434	2.125901	6.129055
chr20	1791760	6.067417	6.131874
chr20	1791920	6.189693	6.132844
chr20	1792089	6.244975	6.133891
chr20	1792416	8.780896	6.135933
chr20	1792434	37.221526	6.136091
chr20	1794342	37.221526	6.207109
chr20	1795194	37.177036	6.238822
chr20	1795210	37.165616	6.239417
chr20	1796112	5.325987	6.272940
chr20	1796292	5.230427	6.273899
chr20	1796313	5.132528	6.274009
chr20	1796461	4.875329	6.274768
chr20	1798513	2.245119	6.284773
chr20	1799576	1.456432	6.287159
chr20	1799717	0.843985	6.287365
chr20	1800431	0.844025	6.287967
chr20	1804410	0.843997	6.291326
chr20	1804443	0.844005	6.291353
chr20	1804466	0.844057	6.291373
chr20	1804583	0.843950	6.291472
chr20	1804606	0.974591	6.291491
chr20	1804897	1.108655	6.291775
chr20	1805760	1.204470	6.292731
chr20	1806234	1.203477	6.293302
chr20	1806815	1.197277	6.294001
chr20	1807061	1.185191	6.294296
chr20	1808266	1.162894	6.295724
chr20	1810750	1.158974	6.298613
chr20	1812229	1.051706	6.300327
chr20	1812960	0.941218	6.301096
chr20	1813373	0.868393	6.301484
chr20	1813830	0.836372	6.301881
chr20	1815383	1.135237	6.303180
chr20	1815399	1.460464	6.303198
chr20	1815620	2.932642	6.303521
chr20	1816399	5.842564	6.305806
chr20	1817670	5.999396	6.313232
chr20	1817825	6.061242	6.314161
chr20	1818983	3.037448	6.321180
chr20	1820197	2.864778	6.324868
chr20	1821917	1.061127	6.329795
chr20	1823326	1.008932	6.331290
chr20	1824181	0.993196	6.332153
chr20	1824234	0.865625	6.332206
chr20	1825944	0.838297	6.333686
chr20	1826095	0.814988	6.333812
chr20	1826988	0.813994	6.334540
chr20	1827015	0.811446	6.334562
chr20	1829513	0.811444	6.336589
chr20	1832655	4.589775	6.339139
chr20	1832855	0.972799	6.340057
chr20	1832989	0.992541	6.340187
chr20	1833255	0.981847	6.340451
chr20	1833498	0.881256	6.340690
chr20	1834194	0.291868	6.341303
chr20	1836532	0.288336	6.341985
chr20	1836935	0.283542	6.342102
chr20	1837072	0.283344	6.342140
chr20	1838222	0.284486	6.342466
chr20	1838855	0.291517	6.342646
chr20	1839408	0.316419	6.342808
chr20	1839442	0.339169	6.342818
chr20	1840343	0.339194	6.343124
chr20	1840362	0.339177	6.343130
chr20	1840534	0.432614	6.343189
chr20	1841245	0.541260	6.343496
chr20	1842093	0.585865	6.343955
chr20	1842139	0.625741	6.343982
chr20	1842455	0.667993	6.344180
chr20	1843684	0.668217	6.345001
chr20	1844780	0.622499	6.345733
chr20	1844858	0.569573	6.345782
chr20	1846014	0.612013	6.346440
chr20	1848203	0.686760	6.347780
chr20	1850564	0.686945	6.349401
chr20	1850632	0.685154	6.349448
chr20	1851581	0.688155	6.350098
chr20	1852393	0.692474	6.350657
chr20	1852626	0.693078	6.350818
chr20	1852958	0.696388	6.351049
chr20	1853095	0.700671	6.351144
chr20	1854678	1.442566	6.352253
chr20	1855037	1.452723	6.352771
chr20	1856533	4.230285	6.354944
chr20	1857228	4.608437	6.357884
chr20	1858019	4.503273	6.361530
chr20	1860715	4.499385	6.373670
chr20	1860863	4.396787	6.374336
chr20	1861190	2.956009	6.375774
chr20	1861230	1.567647	6.375892
chr20	1861406	1.425200	6.376168
chr20	1861770	1.399315	6.376687
chr20	1861882	1.319460	6.376844
chr20	1862223	1.331938	6.377294
chr20	1862420	1.315895	6.377556
chr20	1862540	1.378950	6.377714
chr20	1862878	1.438100	6.378180
chr20	1862930	1.412430	6.378255
chr20	1863025	1.361285	6.378389
chr20	1863216	1.089231	6.378649
chr20	1864367	1.040330	6.379903
chr20	1864789	1.025511	6.380342
chr20	1865093	1.008733	6.380654
chr20	1865198	0.980712	6.380759
chr20	1865507	0.786183	6.381062
chr20	1866645	0.803655	6.381957
chr20	1867363	4.092557	6.382534
chr20	1867665	4.493272	6.383770
chr20	1867972	5.002636	6.385150
chr20	1870755	9.914212	6.399072
chr20	1872658	9.981042	6.417939
chr20	1877150	10.651178	6.462773
chr20	1879313	10.652042	6.485812
chr20	1879449	8.382049	6.487261
chr20	1881734	1.887237	6.506414
chr20	1884725	1.129959	6.512058
chr20	1886493	0.773040	6.514056
chr20	1886624	0.770462	6.514157
chr20	1889858	0.767844	6.516649
chr20	1893189	0.769332	6.519207
chr20	1893763	0.826243	6.519648
chr20	1893784	0.873780	6.519666
chr20	1894315	1.838799	6.520130
chr20	1894335	3.027941	6.520166
chr20	1894630	3.070827	6.521060
chr20	1897045	3.076710	6.528476
chr20	1899587	10.587319	6.536297
chr20	1899767	16.133880	6.538202
chr20	1900961	17.896122	6.557466
chr20	1906300	17.896122	6.653014
chr20	1907716	30.350578	6.678355
chr20	1908299	30.412447	6.696049
chr20	1909445	22.209708	6.730902
chr20	1909840	22.169674	6.739675
chr20	1909906	16.213464	6.741138
chr20	1909920	1.405222	6.741365
chr20	1910382	1.300939	6.742014
chr20	1910774	1.284511	6.742524
chr20	1910898	1.274366	6.742683
chr20	1910988	1.270893	6.742798
chr20	1911609	1.269150	6.743587
chr20	1912310	1.269431	6.744477
chr20	1912823	1.269359	6.745128
chr20	1912981	1.261331	6.745329
chr20	1913481	1.136130	6.745959
chr20	1913626	0.996626	6.746124
chr20	1913737	0.902413	6.746235
chr20	1913799	0.822168	6.746291
chr20	1914728	0.786124	6.747054
chr20	1914782	0.758102	6.747097
chr20	1915226	0.754087	6.747433
chr20	1915504	0.750838	6.747643
chr20	1915736	0.914794	6.747817
chr20	1916732	52.632734	6.748728
chr20	1917209	81.956473	6.773834
chr20	1917247	81.956473	6.776948
chr20	1917290	81.956473	6.780473
chr20	1917405	81.956473	6.789898
chr20	1917460	81.956473	6.794405
chr20	1917479	81.956473	6.795962
chr20	1918305	80.604578	6.863658
chr20	1918487	1.311233	6.878328
chr20	1919181	1.028239	6.879238
chr20	1919324	0.749855	6.879386
chr20	1920578	0.809230	6.880326
chr20	1920590	0.867738	6.880336
chr20	1920594	0.924062	6.880339
chr20	1921450	0.948691	6.881130
chr20	1921523	0.986423	6.881199
chr20	1921728	1.341533	6.881401
chr20	1922237	1.386411	6.882084
chr20	1922283	1.391826	6.882148
chr20	1922534	1.705372	6.882497
chr20	1922914	0.555451	6.883145
chr20	1923271	0.508260	6.883344
chr20	1923623	0.540524	6.883523
chr20	1923674	0.588860	6.883550
chr20	1923734	0.659357	6.883586
chr20	1923972	0.884715	6.883743
chr20	1923973	0.954136	6.883743
chr20	1924066	1.189239	6.883832
chr20	1924127	1.199288	6.883905
chr20	1924517	1.270507	6.884372
chr20	1924707	1.348178	6.884614
chr20	1925725	1.346080	6.885986
chr20	1925837	1.336448	6.886137
chr20	1925862	1.327142	6.886170
chr20	1926459	1.324588	6.886963
chr20	1927336	1.324148	6.888124
chr20	1927515	1.323691	6.888361
chr20	1927775	1.323468	6.888706
chr20	1928745	1.323602	6.889989
chr20	1929436	1.764586	6.890904
chr20	1929542	2.050692	6.891091
chr20	1929582	2.324045	6.891173
chr20	1929662	2.834283	6.891359
chr20	1930704	2.838376	6.894312
chr20	1930873	2.839165	6.894792
chr20	1930885	2.841310	6.894826
chr20	1931500	2.842321	6.896573
chr20	1931519	2.844012	6.896627
chr20	1931582	2.844151	6.896807
chr20	1931666	2.846818	6.897045
chr20	1932164	2.730804	6.898463
chr20	1932303	1.357772	6.898843
chr20	1932603	1.356880	6.899250
chr20	1932991	1.355928	6.899777
chr20	1934468	1.368316	6.901779
chr20	1934484	1.383960	6.901801
chr20	1934540	1.411658	6.901879
chr20	1934801	1.488844	6.902247
chr20	1936275	1.389259	6.904442
chr20	1936292	0.968947	6.904465
chr20	1936986	0.946403	6.905138
chr20	1937475	0.914098	6.905601
chr20	1937798	0.892094	6.905896
chr20	1940145	0.886370	6.907990
chr20	1940504	0.886477	6.908308
chr20	1940808	0.914582	6.908577
chr20	1940868	0.967046	6.908632
chr20	1941131	1.180606	6.908886
chr20	1941171	1.818554	6.908934
chr20	1941488	1.863460	6.909510
chr20	1942153	1.776594	6.910749
chr20	1942266	1.791641	6.910950
chr20	1942698	1.639026	6.911724
chr20	1942718	1.522502	6.911757
chr20	1942809	1.518502	6.911895
chr20	1942905	1.495482	6.912041
chr20	1943041	1.495181	6.912245
chr20	1943076	1.426673	6.912297
chr20	1943124	1.353966	6.912365
chr20	1943319	1.300807	6.912629
chr20	1943551	1.266676	6.912931
chr20	1943683	1.198257	6.913098
chr20	1943961	0.774537	6.913432
chr20	1944267	0.746703	6.913669
chr20	1944510	1.071742	6.913850
chr20	1945269	1.607860	6.914663
chr20	1945406	2.232918	6.914884
chr20	1945626	5.080038	6.915375
chr20	1945835	6.289465	6.916437
chr20	1945956	7.666894	6.917198
chr20	1946024	7.729140	6.917719
chr20	1946229	7.836732	6.919304
chr20	1946337	7.830625	6.920150
chr20	1946669	5.976140	6.922750
chr20	1947394	5.008339	6.927082
chr20	1947848	4.312747	6.929356
chr20	1948509	1.702987	6.932207
chr20	1949127	1.170251	6.933259
chr20	1949479	0.972441	6.933671
chr20	1949577	0.785213	6.933767
chr20	1950332	0.773891	6.934359
chr20	1950858	0.770361	6.934766
chr20	1952556	0.788996	6.936075
chr20	1953270	0.904791	6.936638
chr20	1953363	0.917683	6.936722
chr20	1953366	0.938680	6.936725
chr20	1953721	0.796247	6.937058
chr20	1954033	0.780461	6.937306
chr20	1954035	0.758103	6.937308
chr20	1954339	0.605848	6.937538
chr20	1954591	0.406428	6.937691
chr20	1954749	0.227063	6.937755
chr20	1954922	0.211737	6.937795
chr20	1956663	0.211035	6.938163
chr20	1958145	0.229999	6.938476
chr20	1958400	0.251577	6.938535
chr20	1959573	0.251734	6.938830
chr20	1959939	0.497763	6.938922
chr20	1960226	2.328418	6.939065
chr20	1960313	4.797313	6.939267
chr20	1961134	4.681493	6.943206
chr20	1961775	4.643251	6.946207
chr20	1961977	4.512344	6.947145
chr20	1963222	3.984419	6.952763
chr20	1963413	3.989416	6.953524
chr20	1964095	4.066220	6.956244
chr20	1965127	4.088477	6.960441
chr20	1966947	3.620495	6.967882
chr20	1967049	3.627226	6.968251
chr20	1967155	1.710363	6.968636
chr20	1967217	1.099570	6.968742
chr20	1967278	1.101721	6.968809
chr20	1967321	0.974197	6.968856
chr20	1967710	0.973636	6.969235
chr20	1967797	0.973861	6.969320
chr20	1967877	0.974037	6.969398
chr20	1968449	0.973794	6.969955
chr20	1969066	0.974038	6.970556
chr20	1969193	0.974609	6.970679
chr20	1969333	0.740914	6.970816
chr20	1969824	0.599651	6.971179
chr20	1969934	0.483395	6.971245
chr20	1970258	0.457342	6.971402
chr20	1970547	0.445074	6.971534
chr20	1970564	0.434111	6.971542
chr20	1970651	0.430934	6.971580
chr20	1970812	0.425755	6.971649
chr20	1972069	0.427359	6.972184
chr20	1972460	0.483329	6.972351
chr20	1972553	0.637898	6.972396
chr20	1972761	0.876591	6.972529
chr20	1974008	6.076484	6.973622
chr20	1974238	3.509223	6.975020
chr20	1974858	3.833878	6.977195
chr20	1975679	3.683220	6.980343
chr20	1976818	2.788946	6.984538
chr20	1977045	1.412915	6.985171
chr20	1977600	1.250632	6.985955
chr20	1978071	1.119906	6.986544
chr20	1978165	1.062073	6.986650
chr20	1978301	1.048652	6.986794
chr20	1978338	1.033081	6.986833
chr20	1979496	1.030103	6.988029
chr20	1979916	1.028948	6.988462
chr20	1980849	1.027777	6.989422
chr20	1981023	1.027568	6.989601
chr20	1981379	1.028128	6.989967
chr20	1981505	1.027727	6.990096
chr20	1982072	1.027536	6.990679
chr20	1982139	1.027706	6.990748
chr20	1982290	1.027736	6.990903
chr20	1983042	1.084563	6.991676
chr20	1983105	1.147567	6.991744
chr20	1984662	4.097983	6.993531
chr20	1985050	4.406722	6.995121
chr20	1985093	4.765628	6.995310
chr20	1986451	4.778114	7.001782
chr20	1987398	4.778114	7.006307
chr20	1988025	6.052343	7.009303
chr20	1988382	6.060209	7.011463
chr20	1988488	6.061540	7.012106
chr20	1988578	5.772223	7.012651
chr20	1988599	5.214295	7.012773
chr20	1988682	3.856303	7.013205
chr20	1988915	3.585630	7.014104
chr20	1989025	3.400544	7.014498
chr20	1989383	3.395487	7.015716
chr20	1989659	3.220403	7.016653
chr20	1989982	2.384531	7.017693
chr20	1990159	2.173024	7.018115
chr20	1990286	1.896354	7.018391
chr20	1990492	1.318890	7.018782
chr20	1990617	1.239051	7.018947
chr20	1990641	1.175951	7.018976
chr20	1991477	1.189741	7.019959
chr20	1991954	1.168761	7.020527
chr20	1992380	1.183905	7.021025
chr20	1992396	1.187691	7.021044
chr20	1992883	1.184755	7.021622
chr20	1993052	1.189233	7.021822
chr20	1993883	1.628126	7.022811
chr20	1994112	2.699090	7.023183
chr20	1994350	3.307148	7.023826
chr20	1994801	3.543339	7.025317
chr20	1994963	3.643580	7.025891
chr20	1995264	3.632520	7.026988
chr20	1995534	2.413067	7.027969
chr20	1995565	1.381185	7.028044
chr20	1995650	0.823799	7.028161
chr20	1997448	0.916127	7.029642
chr20	1997698	0.916802	7.029871
chr20	1998187	0.917411	7.030320
chr20	1999622	0.930785	7.031636
chr20	1999855	0.961466	7.031853
chr20	2000810	1.899390	7.032771
chr20	2001015	2.236332	7.033161
chr20	2001161	2.451535	7.033487
chr20	2002488	1.129306	7.036740
chr20	2003113	1.066733	7.037446
chr20	2003558	1.024557	7.037921
chr20	2003589	0.976830	7.037953
chr20	2003833	0.812468	7.038191
chr20	2003903	0.665044	7.038248
chr20	2003970	0.328484	7.038292
chr20	2005197	0.268999	7.038695
chr20	2005693	0.239509	7.038829
chr20	2005723	0.208826	7.038836
chr20	2005923	0.191416	7.038878
chr20	2006155	0.177367	7.038922
chr20	2006820	0.163953	7.039040
chr20	2007459	0.164040	7.039145
chr20	2007670	0.160518	7.039179
chr20	2008384	0.151994	7.039294
chr20	2009542	0.150584	7.039470
chr20	2010334	0.156470	7.039589
chr20	2010413	0.162435	7.039602
chr20	2011206	0.422004	7.039731
chr20	2011258	0.418354	7.039752
chr20	2011881	0.411408	7.040013
chr20	2012616	0.285417	7.040315
chr20	2012771	0.163198	7.040360
chr20	2013474	0.148107	7.040474
chr20	2014236	0.144830	7.040587
chr20	2014873	0.142615	7.040680
chr20	2015506	0.141116	7.040770
chr20	2015656	0.130064	7.040791
chr20	2015686	0.130219	7.040795
chr20	2015967	0.128222	7.040832
chr20	2017767	0.174592	7.041062
chr20	2017769	0.218850	7.041063
chr20	2018592	0.218078	7.041243
chr20	2020354	0.217917	7.041627
chr20	2021623	0.220155	7.041904
chr20	2021639	0.221886	7.041907
chr20	2023207	0.221170	7.042255
chr20	2023356	0.223394	7.042288
chr20	2023653	0.219833	7.042354
chr20	2023929	0.231553	7.042415
chr20	2024365	0.247492	7.042516
chr20	2024688	0.260686	7.042596
chr20	2024972	0.258523	7.042670
